식품명|식품상세분류|1회제공량|에너지(㎉)|수분(g)|단백질(g)|지방(g)|탄수화물(g)|총당류(g)|총 식이섬유(g)|칼슘(㎎)|철(㎍)|마그네슘(㎎)|인(㎎)|칼륨(㎎)|나트륨(㎎)|아연(㎎)|구리(㎎)|비타민 D(D2+D3)(㎍)|비타민 K(㎍)|비타민 B1(㎎)|비타민 B2(㎎)|비타민 B12(㎍)|비타민 C(㎎)|총 아미노산(㎎)|필수 아미노산(㎎)|페닐알라닌(㎎)|콜레스테롤(㎎)|총 지방산(g)|총 필수 지방산(g)|총 포화 지방산(g)|총 다중 불포화지방산(g)|오메가 3 지방산(g)|트랜스 지방산(g)|엽산(㎍)|img1|img2|img3
쌀밥|즉석조리식품|210.0|309.0|0.0|5.0|3.1|65.0|1.0|0.0|0.0|0.0|0.0|0.0|0.0|20.0|0.0|0.0|0.0|0.0|0.0|0.0|0.0|0.0|0.0|0.0|0.0|0.0|0.0|0.0|1.3|0.0|0.0|0.0|0.0|food/368/1.jpg|food/368/2.jpg|food/368/3.jpg
오곡밥|쌀밥.잡곡밥류|250.0|388.81639784428|153.247068608237|11.9518142617086|1.30265244429962|82.3213171996872|0.173632005884523|6.29608768716638|27.5696550423012|1.67397494215968|61.71|183.915785685195|283.065017024673|113.895061096956|2.0|0.24|0.0|0.0|0.118304493814219|0.0370620939694639|0.0|0.0|0.0|0.0|618.76|0.0|0.0|0.0|0.423401378874519|0.0|0.0|0.0|0.0|food/69/1.jpg|food/69/2.jpg|food/69/3.jpg
콩밥|쌀밥.잡곡밥류|200.0|276.32|129.22|5.89|0.31|62.49|0.0|3.81|87.63|670.0|10.27|63.77|139.11|590.06|2.12|0.12|0.0|0.0|0.0|0.01|0.0|0.05|4798.08|0.0|276.46|0.0|0.0|0.0|0.2|0.0|0.0|0.0|0.0|food/45/1.jpg|food/45/2.jpg|food/45/3.jpg
보리밥|쌀밥.잡곡밥류|200.0|321.63|119.72|5.8|0.48|73.54|5.14|4.87|13.8|390.0|14.35|67.81|56.29|7.85|1.52|0.27|0.0|0.0|0.07|0.01|0.0|0.04|4787.95|0.0|285.92|0.0|0.0|0.0|0.2|0.0|0.0|0.0|0.0|food/70/1.jpg|food/70/2.jpg|food/70/3.jpg
영양돌솥밥|기타 밥류|350.0|643.16|201.02|12.02|10.03|126.22|2.22|7.46|30.35|1680.0|24.1|111.16|126.52|21.94|4.0|0.43|0.0|0.0|0.11|0.11|0.0|0.0|9851.29|0.0|548.1|0.0|0.0|0.0|2.12|0.0|0.0|0.05|0.0|food/71/1.jpg|food/71/2.jpg|food/71/3.jpg
감자밥|쌀밥.잡곡밥류|260.0|296.7|0.0|6.63|1.425|9.88|0.0|3.21|35.2|0.0|0.0|0.0|0.0|499.5|0.0|0.0|0.0|0.0|0.0|0.0|0.0|59.0|0.0|0.0|0.0|0.0|0.0|0.0|0.0|0.0|0.0|0.0|0.0|food/399/1.jpg|food/399/2.jpg|food/399/3.jpg
곤드레밥|즉석조리식품|262.0|380.0|0.0|6.0|11.0|64.0|0.0|0.0|0.0|0.0|0.0|0.0|0.0|1080.0|0.0|0.0|0.0|0.0|0.0|0.0|0.0|0.0|0.0|0.0|0.0|0.0|0.0|0.0|1.4|0.0|0.0|0.0|0.0|food/369/1.jpg|food/369/2.jpg|food/369/3.jpg
김치볶음밥|볶음밥류|330.0|550.64|224.86|17.56|30.3|51.93|45.85|9.35|98.06|2300.0|51.2|238.4|553.12|1549.8|1.89|0.21|0.0|0.0|0.89|0.32|0.93|13.76|14575.5|0.0|753.91|232.34|0.0|0.0|4.73|0.0|0.0|0.14|0.0|food/72/1.jpg|food/72/2.jpg|food/72/3.jpg
멸치주먹밥|김밥(초밥)류|150.0|312.0|78.1|9.0|6.6|54.3|0.9|3.4|109.96|0.89|53.87|172.64|138.4|496.21|1.41|0.14|0.0|0.0|0.0|0.04|0.04|0.0|0.0|0.0|380.08|42.45|0.0|0.0|1.1|0.0|0.0|0.0|0.0|food/73/1.png|food/73/2.jpg|food/73/3.jpg
볶음밥|볶음밥류|350.0|640.48|199.05|19.47|9.67|118.88|0.0|5.79|47.21|1830.0|23.51|215.06|347.89|743.58|3.51|0.3|0.0|0.0|0.42|0.12|0.0|14.47|16269.69|0.0|796.18|102.47|0.0|0.0|3.84|0.0|0.0|0.09|0.0|food/1/1.jpg|food/1/2.jpg|food/1/3.jpg
비빔밥|비빔밥류|450.0|637.54|309.9|30.89|19.44|84.76|0.22|8.98|138.63|4660.0|81.03|355.95|809.07|1041.85|9.41|0.45|0.0|0.0|1.51|0.26|1.88|9.09|25705.34|0.0|1270.27|190.18|0.0|0.0|4.29|0.0|0.0|0.26|0.0|food/46/1.jpg|food/46/2.jpg|food/46/3.jpg
전주비빔밥|즉석조리식품|300.0|440.0|0.0|11.0|10.0|77.0|6.0|0.0|0.0|0.0|0.0|0.0|0.0|1145.0|0.0|0.0|0.0|0.0|0.0|0.0|0.0|0.0|0.0|0.0|0.0|9.0|0.0|0.0|1.5|0.0|0.0|0.0|0.0|food/370/1.jpg|food/370/2.jpg|food/370/3.png
삼선볶음밥|볶음밥류|400.0|686.108432795443|257.568386664896|26.2368016729855|26.4608000664941|85.7535063762636|1.58191583238343|9.34715576947212|90.3219253846994|3.14532293507759|44.09|317.596370124519|319.762348604095|1213.562069884|2.6|0.4|0.0|0.0|0.466485208835589|0.192186435320998|0.0|1.8844681358103|0.0|0.0|1211.58|326.523619632869|0.0|0.0|6.33282958762264|0.0|0.0|0.152470896206097|0.0|food/74/1.jpg|food/74/2.jpg|food/74/3.jpg
새우볶음밥|볶음밥류|370.0|635.75|237.19|23.33|22.7|84.54|2.63|5.97|45.1|1280.0|28.27|230.47|239.84|538.64|2.17|0.26|0.0|0.0|0.01|0.37|0.89|15.24|20625.81|0.0|1047.87|261.68|0.0|0.0|4.4|0.0|0.0|0.11|0.0|food/75/1.jpg|food/75/2.jpg|food/75/3.jpg
알밥|기타 밥류|330.0|422.13|240.3|15.61|16.86|51.99|7.6|11.55|141.93|1450.0|47.55|199.74|421.66|1418.08|2.47|0.13|0.0|0.0|1.25|0.12|6.38|8.72|11875.95|0.0|556.92|151.75|0.0|0.0|1.96|0.0|0.0|0.1|0.0|food/76/1.jpg|food/76/2.jpg|food/76/3.jpg
약초비빔밥|비빔밥류|400.0|511.8|287.9|11.9|15.9|80.2|2.9|10.8|245.3|2.71|74.27|192.43|524.15|971.61|2.58|0.46|0.0|0.0|0.07|0.13|0.0|1.2|0.0|0.0|556.718187114185|0.0|0.0|0.0|2.4|0.0|0.0|0.1|0.0|food/77/1.jpg|food/77/2.jpg|food/77/3.png
오므라이스|볶음밥류|400.0|692.71|257.28|25.98|28.91|82.14|12.76|9.63|77.12|3360.0|48.95|370.13|652.18|1730.11|3.67|0.6|0.0|0.0|0.55|0.41|1.54|268.95|25287.16|0.0|1377.59|347.95|0.0|0.0|5.5|0.0|0.0|0.09|0.0|food/78/1.jpg|food/78/2.jpg|food/78/3.jpg
육회비빔밥|비빔밥류|300.0|442.29|197.22|19.16|10.07|68.76|13.36|7.75|83.93|2680.0|70.72|286.37|532.99|1337.23|7.41|0.27|0.0|0.0|0.25|0.12|1.63|0.0|15699.52|0.0|721.36|91.69|0.0|0.0|2.31|0.0|0.0|0.04|0.0|food/79/1.jpg|food/79/2.jpg|food/79/3.jpg
해물볶음밥|볶음밥류|400.0|705.217274162188|253.427504510226|25.1049333333333|26.9958221137549|90.4587854512653|1.22165171264276|11.6656370508893|80.6964841160226|2.54380016932235|49.22|309.626390737509|337.247300409522|1074.34854179813|2.84|0.35|0.0|0.0|0.0150255446614595|0.237581047298038|0.0|0.0|0.0|0.0|1184.38|241.804486822671|0.0|0.0|5.38005540655371|0.0|0.0|0.152131734024471|0.0|food/80/1.jpg|food/80/2.jpg|food/80/3.jpg
열무비빔밥|즉석섭취식품|373.0|560.0|0.0|15.0|11.0|100.0|4.0|0.0|0.0|0.0|0.0|0.0|0.0|1440.0|0.0|0.0|0.0|0.0|0.0|0.0|0.0|0.0|0.0|0.0|0.0|40.0|0.0|0.0|1.4|0.0|0.0|0.0|0.0|food/371/1.jpg|food/371/2.jpg|food/371/3.jpg
류산슬덮밥|덮밥류|550.0|574.991540537132|425.086329235783|26.9621458333333|19.039271796412|73.9473777590226|0.419410450746581|10.1818384781363|110.350039619508|4.91492970595763|56.31|260.182174362732|355.377210701966|1579.34758437141|2.53|0.4|0.0|0.0|0.0600989274208865|0.109471914627448|0.0|7.72784494975354|0.0|0.0|995.14|120.865740382037|0.0|0.0|3.39452482509706|0.0|0.0|0.114967871343542|0.0|food/81/1.jpg|food/81/2.jpg|food/81/3.jpg
불고기덮밥|덮밥류|400.0|728.18|240.62|26.39|21.25|107.84|0.28|11.03|24.61|3270.0|38.82|291.54|552.67|1011.43|8.48|0.29|0.0|0.0|0.65|0.24|1.81|0.0|23082.86|0.0|1048.4|63.33|0.0|0.0|5.58|0.0|0.0|0.97|0.0|food/82/1.jpg|food/82/2.jpg|food/82/3.jpg
소고기국밥|기타 밥류|700.0|330.53|621.4|21.8|8.1|42.6|2.8|7.9|91.4|2.54|77.95|233.14|729.47|1786.31|4.46|0.31|0.0|0.0|0.25|0.13|1.53|0.0|0.0|0.0|801.88488859234|41.85|0.0|0.0|2.3|0.0|0.0|0.1|0.0|food/83/1.jpg|food/83/2.jpg|food/83/3.jpg
송이덮밥|덮밥류|600.0|581.805921542608|466.757436752777|18.2144833333333|14.0604804356972|95.600916072|2.26782252972202|13.6974690119201|73.1257817446886|6.25862617484234|43.89|226.436856284494|497.701389359001|1678.00883355786|2.49|0.57|0.0|0.0|0.807304215215272|0.294646773531851|0.0|5.61620599593064|0.0|0.0|705.11|48.1960501204619|0.0|0.0|2.78771964667517|0.0|0.0|0.0978087598206233|0.0|food/84/1.jpg|food/84/2.jpg|food/84/3.jpg
오징어덮밥|덮밥류|360.0|484.59|244.98|25.85|7.24|79.0|2.37|9.47|29.55|800.0|62.3|280.66|485.03|582.23|2.58|0.36|0.0|0.0|0.01|0.07|2.06|0.0|19688.51|0.0|924.03|167.2|0.0|0.0|0.87|0.0|0.0|0.01|0.0|food/85/1.jpg|food/85/2.jpg|food/85/3.jpg
자장밥|덮밥류|500.0|741.660456880976|337.779484283768|15.2358471231151|22.2766195411384|120.056873129568|5.3692616733548|12.0916666666667|54.2725062108367|14.5936756295244|0.0|187.972820990089|374.224439612184|1560.38061865357|0.0|0.0|0.0|0.0|0.639747677234998|0.277000449097602|0.0|0.0|0.0|0.0|0.0|26.434796240868|0.0|0.0|8.55724562252119|0.0|0.0|0.164928172365345|0.0|food/86/1.jpg|food/86/2.jpg|food/86/3.jpg
잡채밥|덮밥류|550.0|825.15|362.01|22.11|18.81|141.85|0.3|16.73|88.01|4270.0|74.1|258.14|812.75|1247.22|4.65|0.3|0.0|0.0|3.61|0.23|0.4|23.72|16151.71|0.0|751.72|32.53|0.0|0.0|2.27|0.0|0.0|0.28|0.0|food/87/1.jpg|food/87/2.jpg|food/87/3.jpg
잡탕밥|덮밥류|750.0|777.438993957413|573.741498514737|44.120285507248|20.134628457397|104.936548952962|0.481015990730767|13.750517982609|180.571815075044|55.8793206649626|0.0|485.81391557458|515.115808282459|2109.51692064518|0.0|0.0|0.0|0.0|0.140350694381307|0.699145797967229|0.0|0.0|0.0|0.0|0.0|329.853870891387|0.0|0.0|4.06589002094736|0.0|0.0|0.12261908825627|0.0|food/88/1.jpg|food/88/2.jpg|food/88/3.jpg
장어덮밥|덮밥류|400.0|716.540558718336|245.750966189249|30.0883111111111|22.9757797044156|97.3513242335378|5.58600299562615|10.306190163052|179.570067549331|1.29476915531331|51.83|349.72389239262|386.338737491353|920.765125963244|3.49|0.29|0.0|0.0|0.463197174140066|0.280529955755113|0.0|0.0|0.0|0.0|1189.18|234.555812932544|0.0|0.0|5.1781801991963|0.0|0.0|0.230061947801619|0.0|food/89/1.jpg|food/89/2.jpg|food/89/3.jpg
제육덮밥|덮밥류|470.0|949.76|291.4|44.3|50.63|79.22|9.3|6.66|51.76|2280.0|70.55|474.5|920.66|819.84|6.21|0.49|0.0|0.0|1.5|0.75|0.59|0.0|38879.17|0.0|1637.02|131.32|0.0|0.0|16.07|0.0|0.0|0.23|0.0|food/90/1.jpg|food/90/2.jpg|food/90/3.jpg
짬뽕밥|기타 밥류|900.0|647.7|745.21|28.81|12.56|104.86|12.04|12.73|118.81|6000.0|134.55|472.79|1238.01|2105.68|3.2|0.63|0.0|0.0|2.19|0.38|3.25|24.22|26163.26|0.0|1104.27|142.02|0.0|0.0|2.06|0.0|0.0|0.07|0.0|food/91/1.jpg|food/91/2.jpg|food/91/3.jpg
참치덮밥|덮밥류|500.0|679.100640331205|345.35961777938|29.2013490988168|16.7299821190287|102.93135121617|2.9826424141833|7.98408333333333|97.8741364600246|32.9273741135561|0.0|309.366265720842|623.041799158529|1618.74466758795|0.0|0.0|0.0|0.0|0.351575059729089|2.1929887942566|0.0|0.0|0.0|0.0|0.0|115.792102076038|0.0|0.0|3.40713560213436|0.0|0.0|0.0873254780999852|0.0|food/92/1.jpg|food/92/2.jpg|food/92/3.jpg
카레라이스|덮밥류|480.0|518.4|354.91|14.94|6.73|99.53|0.78|2.62|55.93|1440.0|36.0|167.76|439.05|1007.05|3.56|0.17|0.0|0.0|0.55|0.08|0.0|15.17|14072.3|0.0|668.15|13.39|0.0|0.0|2.09|0.0|0.0|0.2|0.0|food/93/1.jpg|food/93/2.jpg|food/93/3.jpg
전주콩나물국밥|기타 밥류|780.0|403.26|677.16|11.34|1.89|85.22|0.0|9.21|50.3|1440.0|42.52|122.11|324.8|1339.02|2.82|0.15|0.0|0.0|1.09|0.17|0.0|9.79|8497.28|0.0|463.32|0.0|0.0|0.0|0.91|0.0|0.0|0.0|0.0|food/372/1.jpg|food/372/2.jpg|food/372/3.jpg
해물덮밥|덮밥류|700.0|771.932849276309|528.77779830367|42.03745|22.4428148726147|100.449428855694|1.19420074301317|10.8900215247354|141.104998058694|5.83032856618942|111.33|397.558354792523|503.657938758307|1802.68139948216|4.79|0.63|0.0|0.0|0.0|0.278893879252523|0.0|0.0|0.0|0.0|1620.01|286.237274731246|0.0|0.0|5.40771712394717|0.0|0.0|0.209199560069576|0.0|food/94/1.jpg|food/94/2.jpg|food/94/3.jpg
회덮밥|덮밥류|500.0|683.018482367432|345.952360210709|30.2102386522483|16.5532762237567|103.299510436157|10.9254584293398|8.08843081603573|119.263181839344|17.2819180789742|0.0|393.908716958207|815.968559934078|744.270134571617|0.0|0.0|0.0|0.0|0.0966823616609684|2.8566526084108|0.0|0.0|0.0|0.0|0.0|88.64933531254|0.0|0.0|2.8965043439337|0.0|0.0|0.112540789721403|0.0|food/2/1.jpg|food/2/2.jpg|food/2/3.jpg
안성국밥|즉석조리식품|550.0|345.0|0.0|31.0|2.6|50.0|1.4|0.0|0.0|0.0|0.0|0.0|0.0|1321.0|0.0|0.0|0.0|0.0|0.0|0.0|0.0|0.0|0.0|0.0|0.0|108.0|0.0|0.0|0.8|0.0|0.0|0.0|0.0|food/373/1.jpeg|food/373/2.png|food/373/3.png
돼지국밥|기타 밥류|1200.0|911.4|1016.1|66.4|38.6|74.7|0.0|12.0|127.28|2.65|61.62|406.2|834.43|1096.58|7.72|0.72|0.0|0.0|0.52|0.41|0.0|0.0|0.0|0.0|2467.69850440018|142.55|0.0|0.0|8.4|0.0|0.0|0.2|0.0|food/95/1.jpg|food/95/2.jpg|food/95/3.jpg
김치김밥|김밥(초밥)류|270.0|351.43|192.27|11.61|10.88|51.76|0.79|4.79|118.43|840.0|41.29|173.2|340.96|942.82|1.38|0.4|0.0|0.0|0.56|0.12|2.46|9.26|12711.03|0.0|634.34|127.93|0.0|0.0|2.87|0.0|0.0|0.06|0.0|food/96/1.jpg|food/96/2.jpg|food/96/3.jpg
농어초밥|김밥(초밥)류|250.0|396.743309091082|148.991008575493|17.43275|1.33622721608175|78.7465660365867|13.0077753233219|2.60792384652236|18.6748621115909|0.309323974385251|27.0|181.84508226758|296.970097380398|1035.03789823413|1.27|0.22|0.0|0.0|0.080533062355509|0.0819075463418856|0.0|0.0|0.0|0.0|852.08|26.4954468986569|0.0|0.0|0.652398439536016|0.0|0.0|0.0232951067146207|0.0|food/97/1.jpg|food/97/2.jpg|food/97/3.jpg
문어|어패류 및 기타 수산물|100.0|99.0|76.2|21.7|0.7|0.1|0.0|0.0|19.0|200.0|52.0|120.0|240.0|230.0|1.8|0.43|0.0|0.0|0.03|0.05|1.2|0.0|0.0|0.0|0.0|150.0|0.2|0.02|0.06|0.12|0.1|0.0|0.0|food/67/1.jpg|food/67/2.jpg|food/67/3.jpg
초밥|김밥(초밥)류|300.0|461.966157914253|188.615050025103|25.4231780530215|6.06096578377191|76.4311884120551|8.64874795624738|2.31766597509714|45.3473558834072|5.61240451029532|0.0|283.308885090765|440.920934184345|968.939525914202|0.0|0.0|0.0|0.0|0.0377028049619846|0.450965282902302|0.0|0.0|0.0|0.0|0.0|70.874534727447|0.0|0.0|1.51232709967723|0.0|0.0|0.0406878542781263|0.0|food/47/1.jpg|food/47/2.jpg|food/47/3.jpg
새우초밥|김밥(초밥)류|250.0|387.670538817932|150.334467372365|16.8043333333333|0.751798908988|78.4217538259266|11.6543200869461|2.07425090184051|71.8753190306704|0.274866150893252|27.08|150.735662550434|133.132031311755|1110.2931285311|1.65|0.28|0.0|0.0|0.0|0.0185971306337014|0.0|0.0|0.0|0.0|861.54|72.6453284725726|0.0|0.0|0.553485989516762|0.0|0.0|0.0077356152919464|0.0|food/98/1.jpg|food/98/2.jpg|food/98/3.jpg
새우튀김롤|김밥(초밥)류|300.0|606.50417273384|166.396642457496|14.46715|18.1680899866823|96.2806907134247|11.1435563023976|7.59045237921642|162.384705781931|1.10308312782698|33.52|204.58452925544|230.965867436635|1391.43163885072|1.64|0.23|0.0|0.0|0.140602579352359|0.139140920839494|0.0|7.73483273499988|0.0|0.0|728.38|55.8746970910705|0.0|0.0|3.40741819659058|0.0|0.0|0.115337517505901|0.0|food/99/1.jpg|food/99/2.jpg|food/99/3.jpg
샐러드김밥|김밥(초밥)류|250.0|405.947772730689|162.326873013086|9.6155332220496|13.5202672054905|61.450808748269|3.42214827909132|3.15041666666667|65.3761627219891|12.2886565460063|0.0|139.835853452381|256.081454949986|911.177151506645|0.0|0.0|0.0|0.0|0.0634349761167057|0.422622646315969|0.0|0.0|0.0|0.0|0.0|84.5784030662889|0.0|0.0|2.79079735340735|0.0|0.0|0.0573233798321204|0.0|food/100/1.png|food/100/2.jpg|food/100/3.png
광어초밥|김밥(초밥)류|300.0|453.776534073928|188.11787028496|27.0690565589871|3.92341167155527|77.5474006984954|7.70102977979378|2.54642540826198|23.0339498841351|4.15805647117647|0.0|344.875076104835|548.073461172937|808.750037746309|0.0|0.0|0.0|0.0|0.0222932787633404|0.385381425277748|0.0|0.0|0.0|0.0|0.0|46.7432923268367|0.0|0.0|1.05607112755685|0.0|0.0|0.0207795213367274|0.0|food/374/1.jpg|food/374/2.jpg|food/374/3.jpg
소고기|육류|100.0|278.0|59.2|16.9|22.8|0.0|0.0|0.0|51.0|0.0|0.0|134.0|234.0|43.0|0.0|0.0|0.0|0.0|0.14|0.29|0.0|0.0|0.0|0.0|0.0|0.0|0.0|0.0|0.0|0.0|0.0|0.0|0.0|food/68/1.jpg|food/68/2.jpg|food/68/3.jpg
김밥|김밥(초밥)류|230.0|322.56|159.88|11.14|10.47|45.95|0.0|3.13|81.95|690.0|28.36|127.36|271.86|705.16|1.19|0.38|0.0|0.0|0.36|0.1|1.99|8.64|11568.39|0.0|578.48|44.4|0.0|0.0|2.54|0.0|0.0|0.05|0.0|food/343/1.png|food/343/2.jpg|food/343/3.jpg
갈비삼각김밥|조리가공품류|100.0|161.0|60.7|4.0|1.7|32.5|0.0|1.3|11.0|2100.0|0.0|55.0|69.0|358.0|0.0|0.0|0.0|0.0|0.07|0.09|0.0|0.0|0.0|0.0|0.0|0.0|0.0|0.0|0.0|0.0|0.0|0.0|0.0|food/375/1.jpg|food/375/2.jpg|food/375/3.jpg
연어롤|김밥(초밥)류|300.0|510.190554012569|187.38343735976|18.5707166666667|15.4041404614353|74.3176057982462|8.46975052812126|9.04019921287151|133.949914187455|0.902140797114699|34.25|229.350691983638|329.056225080906|1211.90259671471|1.48|0.19|0.0|0.0|0.189263176962342|0.138869855976057|0.0|60.0186848185039|0.0|0.0|844.45|61.9715873647453|0.0|0.0|2.82787537325929|0.0|0.0|0.102303176769625|0.0|food/101/1.jpg|food/101/2.jpg|food/101/3.jpg
연어초밥|김밥(초밥)류|250.0|447.318030206696|146.731327366096|18.8825277777778|9.73760302353512|71.0373729709422|12.8820697669203|4.02735734318138|17.1617619237345|0.338631528258305|26.3|217.362718803413|304.201812174639|1064.38497554765|1.17|0.2|0.0|0.0|0.124472031476434|0.0838697151882301|0.0|10.4350915855488|0.0|0.0|897.69|32.0491435398763|0.0|0.0|1.83519027131652|0.0|0.0|0.0569580305562658|0.0|food/102/1.jpg|food/102/2.jpg|food/102/3.jpg
유부초밥|김밥(초밥)류|200.0|388.54|114.87|11.56|11.53|59.63|3.97|5.22|91.78|1170.0|42.89|134.35|113.41|771.26|1.54|0.21|0.0|0.0|0.0|0.05|0.0|8.5|10642.14|0.0|574.76|6.24|0.0|0.0|1.38|0.0|0.0|0.03|0.0|food/103/1.jpg|food/103/2.jpg|food/103/3.jpg
장어초밥|김밥(초밥)류|250.0|486.259651158465|137.919777952966|16.5202777777778|10.8284055075285|80.6807226198992|13.6742739407404|3.23155422572338|78.7506632441786|0.519862692428626|24.74|175.36052139328|174.345628651757|1270.91139673783|1.56|0.15|0.0|0.0|0.0547222952841052|0.112060326589279|0.0|5.66080495997033|0.0|0.0|753.02|102.773542463177|0.0|0.0|2.91198018041346|0.0|0.0|0.100237625782551|0.0|food/104/1.png|food/104/2.jpg|food/104/3.jpg
참치김밥|김밥(초밥)류|250.0|435.04|160.51|17.5|18.05|50.65|1.77|4.51|128.42|1810.0|31.9|182.79|306.75|837.43|2.43|0.46|0.0|0.0|0.57|0.17|1.45|7.65|15385.02|0.0|715.42|83.62|0.0|0.0|3.49|0.0|0.0|0.09|0.0|food/105/1.jpg|food/105/2.jpg|food/105/3.jpg
참치마요삼각김밥|김밥(초밥)류|200.0|398.7|119.23|11.86|16.41|50.89|0.0|5.64|19.33|760.0|24.19|115.81|151.27|460.22|1.15|0.21|0.0|0.0|0.0|0.11|1.64|4.36|10422.06|0.0|540.1|20.94|0.0|0.0|2.0|0.0|0.0|0.05|0.0|food/106/1.jpg|food/106/2.jpg|food/106/3.jpg
충무김밥|김밥(초밥)류|400.0|583.926036170933|255.924062159756|23.4248888888889|5.95578084104637|109.15611326149|17.189130547194|8.40819150366189|77.706374622282|1.42644144566617|81.83|296.585595685326|658.487966641414|1294.26787517119|2.81|0.43|0.0|0.0|0.279801728820678|0.237772728469274|0.0|1.79606045130092|0.0|0.0|996.7|156.852339226871|0.0|0.0|1.09671883049306|0.0|0.0|0.0251625748996885|0.0|food/107/1.jpg|food/107/2.jpg|food/107/3.jpg
치즈김밥|김밥(초밥)류|270.0|476.98|170.91|16.86|18.99|59.67|0.57|7.07|17.1|580.0|14.46|41.56|110.48|455.54|1.2|0.17|0.0|0.0|0.96|0.2|1.69|5.81|16146.57|0.0|793.98|94.69|0.0|0.0|6.55|0.0|0.0|0.34|0.0|food/108/1.jpg|food/108/2.jpg|food/108/3.jpg
캘리포니아롤|김밥(초밥)류|300.0|487.638912743461|184.929642350802|12.32995|9.04585636392303|89.2266013670384|8.90381948973524|7.59840380977158|145.526812816166|1.00058491047507|28.43|155.858564016886|227.515948410497|1295.87763149682|1.63|0.17|0.0|0.0|0.103802844230973|0.115521109807006|0.0|3.88454116945782|0.0|0.0|524.44|65.9593667856965|0.0|0.0|2.13818302736924|0.0|0.0|0.0516346431710048|0.0|food/109/1.jpg|food/109/2.jpg|food/109/3.jpg
한치초밥|김밥(초밥)류|250.0|374.179533531555|153.95187610533|13.7124722222222|0.848437490024961|77.9234268081104|13.1303136086121|1.53650725303466|17.4719940564435|0.262363191910443|20.27|124.43394298414|106.684398878478|1199.30993809455|1.44|0.19|0.0|0.0|0.0029166666666666|0.0392301303552974|0.0|6.48347541049788|0.0|0.0|654.81|100.062568164145|0.0|0.0|0.450141879410537|0.0|0.0|0.0006961166326036|0.0|food/110/1.png|food/110/2.jpg|food/110/3.jpg
간자장|중식면류|650.0|824.5392607053|463.243371563448|22.333533943675|22.0341716480479|134.224395024542|12.1590277488773|28.5729166666667|116.467356013676|34.2153028783342|0.0|234.712125385094|729.79487046446|2716.20109901889|0.0|0.0|0.0|0.0|0.233836778856214|0.497680965453948|0.0|0.0|0.0|0.0|0.0|28.7257127731539|0.0|0.0|9.70959559481509|0.0|0.0|0.241642644801961|0.0|food/111/1.jpg|food/111/2.jpg|food/111/3.gif
굴짬뽕|중식면류|900.0|680.671705787469|732.031363908699|32.868725|9.60478723322073|115.688430172121|1.69703893434444|8.60965983142636|444.794264250695|9.93014019603807|94.28|351.335184091034|712.344994212275|2662.34622197758|10.84|2.17|0.0|0.0|0.0|0.381771145758842|0.0|1.94551193456886|0.0|0.0|1268.53|163.30711880758|0.0|0.0|1.41084372494891|0.0|0.0|0.0393483908742349|0.0|food/112/1.jpg|food/112/2.jpg|food/112/3.jpg
기스면|중식면류|1000.0|606.930828136439|853.146997083419|37.8192222222222|10.723583519545|89.7854218929112|0.503777777777778|6.86687725085422|340.435263515687|5.67748250358348|56.1|336.682680672113|464.555445285181|2764.58840993246|2.1|0.29|0.0|0.0|0.0|0.300170447526241|0.0|1.60913430888511|0.0|0.0|1616.24|416.544925141407|0.0|0.0|2.11823720419254|0.0|0.0|0.0033368348663092|0.0|food/113/1.jpg|food/113/2.jpg|food/113/3.jpg
김치라면|라면류|650.0|552.0|525.0|13.8|16.9|86.2|1.2|8.2|291.83|1.78|53.75|211.24|590.13|2531.6|1.04|0.14|0.0|0.0|0.57|1.58|1.58|0.0|0.0|0.0|593.16|45.65|0.0|0.0|6.8|0.0|0.0|0.1|0.0|food/114/1.jpg|food/114/2.jpg|food/114/3.jpg
김치우동|중식면류|800.0|500.177283643235|672.009495903157|15.5483111111111|4.60070717785975|99.1444186495132|2.12782310376643|9.01040069562384|114.427459208646|2.06590571648735|43.25|149.182077773122|472.026009645115|2874.60237667242|0.69|0.24|0.0|0.0|0.172628267378041|0.0682688467751977|0.0|1.32829563432742|0.0|0.0|714.61|14.1281070548896|0.0|0.0|0.834283877921208|0.0|0.0|0.0003199598002035|0.0|food/115/1.jpg|food/115/2.jpg|food/115/3.jpg
김치말이국수|국수류|600.0|302.53|522.9|12.9|4.8|52.0|8.3|4.6|130.19|1.69|97.21|175.44|595.84|2121.62|1.04|0.37|0.0|0.0|0.65|0.18|2.86|1.66|0.0|0.0|571.744354229716|88.95|0.0|0.0|1.1|0.0|0.0|0.0|0.0|food/116/1.jpg|food/116/2.jpg|food/116/3.jpg
닭칼국수|국수류|900.0|663.0|743.0|42.2|12.8|94.7|5.3|9.8|85.36|1.84|83.99|367.52|710.63|2125.17|2.21|0.19|0.0|0.0|0.32|0.31|0.0|0.83|0.0|0.0|1728.77|95.67|0.0|0.0|2.5|0.0|0.0|0.0|0.0|food/3/1.jpg|food/3/2.jpg|food/3/3.jpg
들깨칼국수|국수류|600.0|457.88|0.0|17.59|16.48|59.8|1.43|0.0|0.0|0.0|0.0|0.0|0.0|1192.57|0.0|0.0|0.0|0.0|0.0|0.0|0.0|0.0|0.0|0.0|0.0|3.37|1.48|0.0|1.46|0.0|0.0|0.02|0.0|food/398/1.jpg|food/398/2.jpg|food/398/3.jpg
떡라면|라면류|550.0|525.49|433.98|11.21|16.07|84.01|0.0|4.29|182.68|270.0|19.02|115.92|293.02|1483.48|0.59|0.11|0.0|0.0|0.28|1.57|0.0|0.0|10449.73|0.0|455.65|0.0|0.0|0.0|5.5|0.0|0.0|0.04|0.0|food/117/1.png|food/117/2.jpg|food/117/3.jpg
라면|라면류|550.0|450.91|447.98|9.48|12.52|75.08|0.0|5.5|182.14|380.0|19.16|109.12|311.48|1559.21|0.42|0.08|0.0|0.0|0.0|2.08|0.0|0.0|7992.04|0.0|349.1|0.0|0.0|0.0|4.53|0.0|0.0|0.03|0.0|food/4/1.jpg|food/4/2.jpg|food/4/3.jpg
막국수|국수류|600.0|799.33|403.23|34.81|9.63|143.37|29.28|10.47|100.97|6130.0|116.8|310.74|807.15|2427.15|6.89|0.38|0.0|0.0|2.59|0.22|0.0|12.78|29867.85|0.0|1442.36|33.2|0.0|0.0|2.76|0.0|0.0|0.11|0.0|food/48/1.jpg|food/48/2.jpg|food/48/3.jpg
메밀국수|국수류|350.0|221.87|293.55|10.98|1.01|42.21|0.0|2.78|31.48|660.0|23.54|93.95|263.5|679.36|2.83|0.05|0.0|0.0|0.19|0.08|0.52|0.0|8205.91|0.0|401.58|0.0|0.0|0.0|0.43|0.0|0.0|0.0|0.0|food/118/1.jpg|food/118/2.jpg|food/118/3.jpg
물냉면|국수류|700.0|383.98|605.56|13.75|4.49|72.15|31.63|2.24|48.3|1980.0|42.0|178.27|344.17|1128.25|1.87|0.26|0.0|0.0|0.04|0.22|0.0|0.0|12099.01|0.0|580.06|107.45|0.0|0.0|1.09|0.0|0.0|0.0|0.0|food/119/1.jpg|food/119/2.jpg|food/119/3.jpg
비빔국수|국수류|500.0|512.46|373.06|15.06|4.75|102.36|20.53|6.87|100.12|2630.0|60.31|169.29|558.2|1193.79|4.58|0.26|0.0|0.0|0.0|0.23|0.0|11.63|13077.4|0.0|634.53|5.03|0.0|0.0|0.98|0.0|0.0|0.0|0.0|food/120/1.jpg|food/120/2.jpg|food/120/3.jpg
비빔냉면|국수류|500.0|499.16|387.06|28.33|13.21|66.74|20.1|7.36|113.6|2430.0|83.79|307.71|833.34|887.31|5.0|0.47|0.0|0.0|0.39|0.48|0.0|16.09|25040.09|0.0|1256.4|236.69|0.0|0.0|2.69|0.0|0.0|0.05|0.0|food/121/1.jpg|food/121/2.jpg|food/121/3.jpg
삼선우동|중식면류|1000.0|691.656190658944|828.721996069148|47.9389722222222|8.47795778186659|105.899670433314|0.801277777777778|8.4710831631863|212.090489575904|5.30409116894343|123.52|453.331096361015|516.57840768625|2722.31870922665|3.83|0.74|0.0|0.0|1.0107216471349|0.350690701348925|0.0|2.77082151112902|0.0|0.0|2095.26|620.895644523733|0.0|0.0|2.02286006309152|0.0|0.0|0.0019048924610059|0.0|food/122/1.jpg|food/122/2.jpg|food/122/3.jpg
삼선자장면|중식면류|700.0|803.898321806936|513.779864408956|33.6382083333333|18.1350380471159|126.53253651239|10.1518301863328|10.8149880131802|120.729020190764|7.27843904535389|86.4|301.581841420229|640.49141882144|2628.2416126991|2.3|0.46|0.0|0.0|1.30179164300591|0.0843646682771891|0.0|4.88115972799455|0.0|0.0|1333.88|166.564577080963|0.0|0.0|4.06017967207824|0.0|0.0|0.0943979812941464|0.0|food/123/1.jpeg|food/123/2.jpg|food/123/3.jpg
삼선짬뽕|중식면류|900.0|662.365746880645|738.222677466741|39.62635|10.7698298789765|101.732969492464|1.09316215844802|7.68993605121668|400.511833280493|7.61105955014742|115.62|357.520041301203|659.586893335168|2689.12855745908|3.35|0.84|0.0|0.0|1.10785327188699|0.3425338989486|0.0|9.22571728662316|0.0|0.0|1581.3|312.4794091912|0.0|0.0|1.9138559924823|0.0|0.0|0.0237920944069427|0.0|food/124/1.png|food/124/2.jpg|food/124/3.jpg
수제비|기타 면류|650.0|378.28|555.34|14.99|3.35|72.04|0.0|6.96|55.67|1320.0|74.04|236.99|691.09|925.17|1.32|0.23|0.0|0.0|1.08|0.16|1.36|14.09|11518.63|0.0|577.94|83.55|0.0|0.0|0.98|0.0|0.0|0.0|0.0|food/5/1.jpg|food/5/2.jpg|food/5/3.jpg
쌀국수|국수류|600.0|320.32|520.4|15.6|4.2|55.1|4.3|1.6|41.12|1.51|36.11|133.23|253.26|1651.58|2.9|0.23|0.0|0.0|0.08|0.06|1.34|0.37|0.0|0.0|634.854117086856|33.6|0.0|0.0|1.4|0.0|0.0|0.1|0.0|food/125/1.jpg|food/125/2.jpg|food/125/3.jpg
열무김치국수|국수류|800.0|431.0|694.9|15.0|10.2|69.6|18.6|9.2|257.24|2.35|127.85|187.9|869.8|3007.45|1.95|0.31|0.0|0.0|1.06|0.26|0.0|1.09|0.0|0.0|596.72|15.37|0.0|0.0|0.6|0.0|0.0|0.1|0.0|food/126/1.jpg|food/126/2.jpg|food/126/3.jpg
열무냉면|중식면류|800.0|525.491698928055|665.822577732838|20.8419245919486|5.7825868307071|97.5201797709742|27.1460698122599|40.7166666666667|177.778600598592|37.7442107165459|0.0|226.479689551488|628.729386262443|3152.36553621489|0.0|0.0|0.0|0.0|1.3957641636525|0.695856811381509|0.0|0.0159333333333333|0.0|0.0|0.0|67.7764281851792|0.0|0.0|1.35918471796176|0.0|0.0|0.003157508121672|0.0|food/127/1.jpg|food/127/2.jpg|food/127/3.jpg
오일소스스파게티|스파게티류|400.0|646.736283554549|263.260851415559|19.5553967781428|23.4261134497781|89.4199188484939|1.41088197631633|11.129114947004|111.09420780417|3.18040768797354|80.07|290.478307077656|468.826634659852|1124.33187639725|2.05|0.43|0.0|0.0|0.125626794189123|0.19217012649223|0.0|0.354379679716093|0.0|0.0|851.94|31.6212292941103|0.0|0.0|3.89178883420373|0.0|0.0|0.0499806704316443|0.0|food/128/1.jpg|food/128/2.png|food/128/3.jpg
일식우동|중식면류|700.0|421.514241399803|597.970226474891|13.3902855481017|7.9064314780723|74.1988039761864|2.48339544586824|20.2095833333333|79.0961332358754|32.8432547915593|0.0|114.182173929287|169.611305019908|2390.3207758184|0.0|0.0|0.0|0.0|0.417109993987309|0.271208226849731|0.0|0.0041416666666666|0.0|0.0|0.0|25.9781232287276|0.0|0.0|1.48765496393487|0.0|0.0|0.0090332236131167|0.0|food/376/1.jpg|food/376/2.jpg|food/376/3.jpg
중식우동|중식면류|1000.0|648.471298458626|854.281831049117|29.4516336533825|21.0223249539495|85.3659598148875|1.09927733880657|22.1666666666667|188.215174444298|36.5534790782445|0.0|329.137769382306|461.640255642167|3395.85652049704|0.0|0.0|0.0|0.0|0.14|0.666608361643045|0.0|0.0|0.0|0.0|0.0|208.419934651873|0.0|0.0|3.35100526016739|0.0|0.0|0.0315597522721548|0.0|food/377/1.jpg|food/377/2.jpg|food/377/3.jpg
울면|중식면류|1000.0|728.856981095036|818.090876365311|37.4551388888889|7.36929572348958|128.178191007018|0.501555555555556|7.58613653788083|292.432039017911|5.8402599087238|88.4|375.371649203614|554.66182266317|2799.91821205914|2.29|0.6|0.0|0.0|0.0|0.255873696297258|0.0|0.388423746611364|0.0|0.0|1533.14|445.79061450413|0.0|0.0|1.8489148235959|0.0|0.0|0.0075329756129978|0.0|food/129/1.jpg|food/129/2.jpg|food/129/3.jpg
자장면|중식면류|650.0|796.502670592793|469.448818175391|19.7713764318789|20.321284218955|133.631401723671|7.79539804521191|21.7479166666667|81.9194243636584|24.2568587523843|0.0|199.395689002741|462.094467661734|2391.58121641152|0.0|0.0|0.0|0.0|0.852905735998797|0.415264658821473|0.0|0.0|0.0|0.0|0.0|10.7563122229621|0.0|0.0|8.51551020016925|0.0|0.0|0.173083116473027|0.0|food/6/1.jpg|food/6/2.png|food/6/3.jpg
잔치국수|국수류|700.0|310.2|622.07|13.53|3.41|56.34|0.3|5.48|56.87|10090.0|24.32|93.45|266.36|1514.59|9.26|0.05|0.0|0.0|0.0|0.04|0.54|15.24|10874.4|0.0|456.57|4.22|0.0|0.0|1.14|0.0|0.0|0.0|0.0|food/130/1.jpg|food/130/2.jpg|food/130/3.jpg
짬뽕|중식면류|800.0|464.46|693.52|22.3|12.34|66.06|12.52|12.75|99.02|440.0|86.33|285.85|638.1|1446.06|2.08|0.41|0.0|0.0|0.95|0.64|5.93|62.49|19817.21|0.0|902.94|84.18|0.0|0.0|1.98|0.0|0.0|0.06|0.0|food/344/1.jpg|food/344/2.jpg|food/344/3.jpg
짬뽕라면|라면류|750.0|689.0|601.1|21.3|26.3|92.0|1.6|8.6|586.78|2.86|84.18|304.28|660.05|2493.81|1.61|0.22|0.0|0.0|1.33|1.58|1.58|0.0|0.0|0.0|861.31|106.69|0.0|0.0|8.6|0.0|0.0|0.1|0.0|food/131/1.jpg|food/131/2.jpg|food/131/3.jpg
쫄면|국수류|550.0|706.96|385.14|17.68|13.84|127.91|19.32|8.6|125.42|1890.0|96.03|234.55|717.28|1377.01|0.65|0.43|0.0|0.0|0.29|0.19|0.0|11.15|15649.78|0.0|844.55|0.0|0.0|0.0|1.22|0.0|0.0|0.02|0.0|food/345/1.jpg|food/345/2.jpg|food/345/3.png
치즈라면|라면류|600.0|595.0|473.0|16.8|23.0|80.0|0.9|8.0|337.25|1.34|39.25|387.16|362.05|2113.4|1.34|0.08|0.0|0.0|0.66|1.72|1.72|0.0|0.0|0.0|770.08|103.67|0.0|0.0|9.4|0.0|0.0|0.2|0.0|food/132/1.jpg|food/132/2.jpg|food/132/3.jpg
콩국수|국수류|800.0|651.57|666.61|31.2|26.81|71.37|1.95|15.18|175.57|4810.0|164.91|362.95|875.68|532.23|5.75|0.45|0.0|0.0|1.28|0.09|0.0|10.88|26160.86|0.0|1378.75|0.0|0.0|0.0|1.36|0.0|0.0|0.0|0.0|food/133/1.jpg|food/133/2.jpg|food/133/3.jpg
크림소스스파게티|스파게티류|400.0|837.570175509636|249.532985794741|21.7935107453258|50.5939063717594|73.7627437956245|9.1733667138593|4.75545588010401|241.448826408088|1.50179431022041|62.34|411.169811470006|523.069774467137|1030.21030251365|2.24|0.34|0.0|0.0|0.829791671837092|0.529989361749948|0.0|0.199559238798737|0.0|0.0|966.67|126.577708489451|0.0|0.0|25.6653760888677|0.0|0.0|1.00584491245155|0.0|food/7/1.png|food/7/2.jpg|food/7/3.jpg
토마토소스스파게티|스파게티류|500.0|642.583270916812|356.795485516313|24.348842462914|19.1524320530042|93.2040031470296|15.5984400683995|7.33917610420116|214.536282817223|3.05229495048657|93.04|373.19304786047|1094.45041100688|1508.63440253316|2.71|0.43|0.0|0.0|0.868482098173725|0.331647843820446|0.0|0.165992524863845|0.0|0.0|992.6|49.1675328994745|0.0|0.0|5.43661866043655|0.0|0.0|0.20969330382859|0.0|food/8/1.jpg|food/8/2.jpg|food/8/3.jpg
해물칼국수|국수류|900.0|628.262318715971|741.007344808602|22.8025754719079|4.60516831436504|123.901375499763|3.80805082077794|44.90625|128.736467509499|28.3786457367034|0.0|209.624731669461|536.865184314646|2355.07217508832|0.0|0.0|0.0|0.0|0.934683665315855|0.434133354075287|0.0|0.0|0.0|0.0|0.0|26.6991768625381|0.0|0.0|1.30174759312656|0.0|0.0|0.0058566965164528|0.0|food/134/1.jpg|food/134/2.jpg|food/134/3.jpg
회냉면|국수류|500.0|741.26|335.73|29.04|20.11|111.04|14.21|13.12|264.98|5040.0|107.96|366.45|804.99|495.46|3.3|0.26|0.0|0.0|1.68|0.26|0.0|15.93|22207.49|0.0|1008.35|44.41|0.0|0.0|1.33|0.0|0.0|0.0|0.0|food/135/1.jpg|food/135/2.jpg|food/135/3.jpg
떡국|기타 국류|700.0|588.01|553.16|24.01|3.74|114.57|0.57|5.85|26.66|2570.0|52.12|239.54|355.42|1234.05|4.97|0.13|0.0|0.0|0.0|0.23|1.05|15.73|22395.97|0.0|1108.97|116.91|0.0|0.0|1.65|0.0|0.0|0.0|0.0|food/136/1.jpg|food/136/2.jpg|food/136/3.png
떡만둣국|기타 국류|700.0|624.915134903086|551.861161492442|20.0550757062532|11.3187085656579|110.706613746788|0.158466789046309|8.55501876805615|99.719713175542|21.1779438074785|0.0|250.249007224803|369.91255975011|1980.19025383009|0.0|0.0|0.0|0.0|0.601380236961617|1.03432663399453|0.0|0.0|0.0|0.0|0.0|122.422845391989|0.0|0.0|3.43610600241782|0.0|0.0|0.0769141638900098|0.0|food/137/1.jpg|food/137/2.jpg|food/137/3.jpg
고기만두|만두류|220.0|350.25|142.45|27.23|9.8|38.28|0.35|5.05|43.15|2270.0|58.37|257.01|409.02|453.13|2.8|0.1|0.0|0.0|0.75|0.2|0.23|0.0|22319.98|0.0|970.75|43.81|0.0|0.0|1.34|0.0|0.0|0.04|0.0|food/138/1.jpg|food/138/2.jpg|food/138/3.jpg
군만두|만두류|220.0|514.51|119.65|15.46|25.29|56.26|6.1|7.66|89.97|1800.0|58.12|197.67|471.04|846.06|1.09|0.26|0.0|0.0|0.0|0.14|0.52|10.33|15987.93|0.0|826.84|20.88|0.0|0.0|7.21|0.0|0.0|0.14|0.0|food/139/1.jpg|food/139/2.jpg|food/139/3.jpg
김치만두|만두류|220.0|334.15|146.05|22.53|10.47|37.44|0.77|4.57|39.63|1820.0|42.6|204.72|485.35|865.26|3.28|0.09|0.0|0.0|1.12|0.19|0.46|0.0|17202.83|0.0|754.86|51.19|0.0|0.0|0.23|0.0|0.0|0.0|0.0|food/140/1.jpg|food/140/2.jpg|food/140/3.jpg
물만두|만두류|230.0|448.16|147.11|18.53|25.6|35.9|4.89|7.07|70.97|1340.0|54.27|234.82|397.02|763.59|1.41|0.44|0.0|0.0|2.0|0.2|0.46|10.87|17725.61|0.0|878.75|27.9|0.0|0.0|7.09|0.0|0.0|0.11|0.0|food/141/1.jpg|food/141/2.jpg|food/141/3.jpg
만둣국|기타 국류|700.0|434.049711653319|604.865062676707|21.4294102667042|17.4448771270856|47.832044110683|3.0476421254263|32.1183333333333|123.608118988708|26.444235549835|0.0|221.429424340177|509.552914422302|2367.9934514965|0.0|0.0|0.0|0.0|1.30715627770225|0.698042938031744|0.0|0.0|0.0|0.0|0.0|94.5208367067992|0.0|0.0|4.2360132455987|0.0|0.0|0.0505626908187828|0.0|food/346/1.jpg|food/346/2.jpg|food/346/3.jpg
게살죽|죽류|800.0|564.830454928872|662.790515168261|17.8979476965561|7.09481752619014|107.346326601734|0.171181513253665|5.45129301025984|105.130959782388|8.28716116783558|0.0|191.730745552327|346.07854927122|1453.82377358766|0.0|0.0|0.0|0.0|0.419869166504691|0.388675202509044|0.0|0.0|0.0|0.0|0.0|50.1564452136114|0.0|0.0|2.10999434924167|0.0|0.0|0.0700734717617804|0.0|food/142/1.jpg|food/142/2.jpg|food/142/3.jpg
깨죽|죽류|800.0|515.347717113908|686.164830568951|13.6563612330604|15.944494923238|79.3054544681308|3.58876854621692|9.78006666666667|401.682464664729|16.1258600286504|0.0|279.051989187932|222.392963143679|1160.1867449396|0.0|0.0|0.0|0.0|0.75840562892374|0.449877326224439|0.0|0.0|0.0|0.0|0.0|0.0|0.0|0.0|2.82693695286223|0.0|0.0|0.0054767171285106|0.0|food/143/1.jpg|food/143/2.jpg|food/143/3.jpg
닭죽|죽류|400.0|177.46|356.7|10.7|2.27|28.57|0.0|0.32|16.89|420.0|18.2|110.31|164.38|467.19|1.11|0.16|0.0|0.0|0.28|0.17|0.29|0.0|9098.92|0.0|431.42|29.78|0.0|0.0|1.3|0.0|0.0|0.02|0.0|food/144/1.jpg|food/144/2.jpg|food/144/3.jpg
소고기버섯죽|죽류|800.0|578.278022105566|660.364201806273|18.7467936431625|7.46515649267282|109.026109774715|0.261716291544858|2.962|54.4279910491388|8.13846486791331|0.0|177.845373345393|417.187264206559|1261.80387836458|0.0|0.0|0.0|0.0|0.120529537507|0.62866157650909|0.0|0.0|0.0|0.0|0.0|26.0803264839349|0.0|0.0|2.7209744469545|0.0|0.0|0.14208350214325|0.0|food/145/1.jpg|food/145/2.jpg|food/145/3.jpg
어죽|죽류|800.0|552.06|664.4|20.4|7.5|100.8|9.8|8.9|190.44|2.28|87.83|305.38|687.37|2105.53|2.17|0.37|0.0|0.0|0.19|0.07|0.0|0.0|0.0|0.0|845.657456981024|35.47|0.0|0.0|1.7|0.0|0.0|0.0|0.0|food/146/1.jpg|food/146/2.png|food/146/3.jpg
잣국|채소류국.탕|400.0|82.47|377.49|3.59|1.05|14.67|3.41|2.6|21.54|490.0|34.59|89.88|486.91|859.81|0.32|0.16|0.0|0.0|2.83|0.09|1.13|2.53|3002.61|0.0|126.41|0.0|0.0|0.0|0.12|0.0|0.0|0.0|0.0|food/147/1.jpg|food/147/2.jpg|food/147/3.jpg
전복죽|죽류|400.0|317.19|337.5|7.27|14.9|38.49|0.0|6.22|9.54|510.0|14.89|54.58|81.51|631.68|0.77|0.09|0.0|0.0|0.0|0.11|0.0|16.83|5037.72|0.0|292.85|34.49|0.0|0.0|0.74|0.0|0.0|0.01|0.0|food/148/1.jpg|food/148/2.jpg|food/148/3.jpg
참치죽|죽류|800.0|659.59891642993|650.408357863805|24.1941788246456|16.0618803557936|104.566319482301|1.36009520661806|5.35500839602328|78.4528717939866|1.59009260724204|55.72|250.440627650313|569.86001803103|1342.40250298357|2.46|0.3|0.0|0.0|0.16415174412277|0.123216313776734|0.0|0.0|0.0|0.0|1085.48|39.9633155769964|0.0|0.0|1.81288902715443|0.0|0.0|0.0577523737840208|0.0|food/149/1.jpg|food/149/2.jpg|food/149/3.png
채소죽|죽류|400.0|173.76|356.57|6.75|2.76|30.47|0.69|6.08|35.13|800.0|29.09|77.86|686.02|894.77|0.77|0.19|0.0|0.0|0.65|0.49|0.88|2.36|3406.8|0.0|239.91|0.0|0.0|0.0|0.72|0.0|0.0|0.01|0.0|food/150/1.jpg|food/150/2.jpg|food/150/3.jpg
팥죽|죽류|400.0|324.17|317.16|12.69|0.76|66.63|0.08|8.33|39.95|4530.0|52.46|169.12|454.93|508.72|2.32|0.4|0.0|0.0|1.86|0.09|0.0|21.42|9083.87|0.0|556.34|0.0|0.0|0.0|0.28|0.0|0.0|0.0|0.0|food/151/1.jpg|food/151/2.jpg|food/151/3.jpg
호박죽|죽류|400.0|197.52|356.15|7.7|6.84|26.3|14.24|10.37|45.87|1030.0|39.6|179.51|1338.78|167.39|1.13|0.26|0.0|0.0|0.51|0.23|0.0|6.34|5535.45|0.0|295.01|0.0|0.0|0.0|0.14|0.0|0.0|0.0|0.0|food/152/1.jpg|food/152/2.jpg|food/152/3.jpg
콘스프|기타 튀김류|272.0|647.0|0.0|11.0|0.0|0.0|22.0|0.0|0.0|0.0|0.0|0.0|0.0|1254.0|0.0|0.0|0.0|0.0|0.0|0.0|0.0|0.0|0.0|0.0|0.0|0.0|0.0|0.0|7.0|0.0|0.0|0.0|0.0|food/153/1.jpg|food/153/2.jpg|food/153/3.jpg
토마토스프|즉석조리식품|100.0|54.0|0.0|1.0|3.0|5.0|3.0|0.0|0.0|0.0|0.0|0.0|0.0|120.0|0.0|0.0|0.0|0.0|0.0|0.0|0.0|0.0|0.0|0.0|0.0|0.0|0.0|0.0|0.0|0.0|0.0|0.0|0.0|food/378/1.jpg|food/378/2.jpg|food/378/3.jpg
굴국|어패류국.탕|650.0|683.0|494.6|42.4|17.8|88.4|0.3|6.1|194.25|12.71|125.52|666.49|529.35|1635.39|31.14|7.65|0.0|0.0|0.32|0.61|0.61|0.0|0.0|0.0|1754.78|518.37|0.0|0.0|3.9|0.0|0.0|0.1|0.0|food/154/1.png|food/154/2.jpg|food/154/3.jpg
김치국|채소류국.탕|450.0|89.0|425.8|5.4|2.8|10.5|2.9|4.5|113.75|1.55|60.98|116.81|516.39|1642.08|0.73|0.14|0.0|0.0|0.28|0.15|0.15|1.78|0.0|0.0|175.65|0.0|0.0|0.0|0.3|0.0|0.0|0.0|0.0|food/9/1.jpg|food/9/2.jpg|food/9/3.jpg
달걀국|기타 국류|400.0|52.37|388.01|3.73|2.94|2.74|0.0|0.81|20.95|780.0|5.38|81.08|77.5|984.54|0.44|0.27|0.0|0.0|0.0|0.13|0.2|0.0|3412.92|0.0|191.32|124.44|0.0|0.0|1.06|0.0|0.0|0.0|0.0|food/155/1.jpg|food/155/2.png|food/155/3.jpg
감자국|채소류국.탕|700.0|221.0|644.7|8.3|5.5|34.6|5.2|5.1|115.56|2.26|90.16|159.83|1138.53|1712.29|1.31|0.27|0.0|0.0|0.55|0.15|1.46|7.24|0.0|0.0|269.94|5.46|0.0|0.0|0.2|0.0|0.0|0.0|0.0|food/156/1.jpg|food/156/2.jpg|food/156/3.jpg
미역국|어패류국.탕|400.0|46.36|388.83|2.58|2.45|3.49|1.08|1.7|77.87|1070.0|56.49|56.92|322.99|670.7|0.33|0.08|0.0|0.0|0.09|0.15|0.48|0.0|2056.98|0.0|119.1|0.0|0.0|0.0|0.19|0.0|0.0|0.0|0.0|food/347/1.jpg|food/347/2.jpg|food/347/3.jpg
바지락조개국|어패류국.탕|550.0|157.0|508.2|22.0|3.1|10.1|1.3|8.0|369.14|21.35|119.82|266.75|394.16|1596.17|2.6|0.27|0.0|0.0|0.04|0.17|41.75|0.55|0.0|0.0|809.4|89.36|0.0|0.0|0.6|0.0|0.0|0.0|0.0|food/157/1.jpg|food/157/2.jpg|food/157/3.jpg
소고기무국|육류국.탕|400.0|123.0|371.6|14.2|4.0|7.8|3.5|3.1|59.21|1.59|42.86|108.32|336.96|1067.02|3.05|0.06|0.0|0.0|0.09|0.07|1.8|0.0|0.0|0.0|531.51|38.43|0.0|0.0|1.3|0.0|0.0|0.1|0.0|food/158/1.jpg|food/158/2.jpg|food/158/3.jpg
소고기미역국|육류국.탕|650.0|151.0|613.1|18.1|5.3|7.7|0.0|8.4|149.32|3.04|95.09|139.44|204.8|1908.91|3.96|0.12|0.0|0.0|0.12|0.15|2.8|0.0|0.0|0.0|673.65|42.18|0.0|0.0|2.0|0.0|0.0|0.1|0.0|food/159/1.jpg|food/159/2.jpg|food/159/3.jpg
소머리국밥|조리가공품류|100.0|79.0|84.4|9.5|3.6|2.2|0.0|0.5|9.0|12400.0|0.0|32.0|37.0|103.0|0.0|0.0|0.0|0.0|0.02|0.2|0.0|0.0|0.0|0.0|0.0|0.0|0.0|0.0|0.0|0.0|0.0|0.0|0.0|food/379/1.jpg|food/379/2.jpg|food/379/3.jpg
순대국|육류국.탕|800.0|540.298138494363|700.710490892243|43.5231395114136|33.0177773301579|17.261396119322|0.0|26.1|105.318777960339|72.889962429203|0.0|311.97287999526|456.625285417371|1504.04277342073|0.0|0.0|0.0|0.0|0.483372570442689|0.822293376032168|0.0|0.0|0.0|0.0|0.0|246.000576829358|0.0|0.0|10.9826404763348|0.0|0.0|0.159858527591722|0.0|food/348/1.jpg|food/348/2.jpg|food/348/3.jpg
어묵국|어패류국.탕|350.0|106.95|324.72|5.2|3.61|13.41|0.25|1.57|67.74|660.0|27.84|86.4|384.79|790.85|0.25|0.04|0.0|0.0|0.1|0.04|0.39|0.0|4861.5|0.0|206.72|8.57|0.0|0.0|0.26|0.0|0.0|0.01|0.0|food/160/1.jpg|food/160/2.jpg|food/160/3.jpg
오징어국|어패류국.탕|500.0|91.91|477.07|11.1|3.67|3.63|1.2|1.25|23.58|230.0|39.59|181.13|409.41|1286.69|0.6|0.07|0.0|0.0|1.1|0.28|0.53|0.0|7319.36|0.0|309.7|159.39|0.0|0.0|0.41|0.0|0.0|0.0|0.0|food/161/1.jpg|food/161/2.jpg|food/161/3.jpg
토란국|채소류국.탕|400.0|62.09|382.26|4.01|0.49|10.42|1.07|0.21|33.75|330.0|27.32|62.57|435.14|759.86|0.23|0.1|0.0|0.0|0.09|0.07|0.23|1.39|3053.62|0.0|137.46|4.49|0.0|0.0|0.14|0.0|0.0|0.0|0.0|food/162/1.jpg|food/162/2.jpg|food/162/3.jpg
탕국|어패류국.탕|250.0|92.1521554296068|229.911545916317|13.1813680814538|4.27211688452746|0.24440778576114|0.0781721798030836|4.21808104050009|76.4679531303498|1.67147815353217|35.67|114.179784575255|235.594213253068|656.74985218755|2.67|0.07|0.0|0.0|0.109834086189233|0.177446927881306|0.0|0.0|0.0|0.0|561.76|30.1206357371387|0.0|0.0|1.0053802488218|0.0|0.0|0.0686391330956876|0.0|food/163/1.jpg|food/163/2.jpg|food/163/3.jpg
홍합미역국|어패류국.탕|650.0|167.0|607.0|19.7|4.7|11.6|0.0|9.5|227.69|10.33|175.68|375.32|246.29|2043.68|3.09|0.22|0.0|0.0|0.12|0.31|15.02|1.44|0.0|0.0|696.29|58.4|0.0|0.0|0.9|0.0|0.0|0.0|0.0|food/164/1.jpg|food/164/2.jpg|food/164/3.jpg
황태해장국|어패류국.탕|600.0|181.7|557.8|24.5|6.8|5.7|1.5|5.4|164.63|1.41|73.68|251.27|503.0|1533.09|1.3|0.15|0.0|0.0|0.06|0.13|2.76|0.0|0.0|0.0|981.59631654261|150.3|0.0|0.0|1.1|0.0|0.0|0.0|0.0|food/165/1.jpg|food/165/2.jpg|food/165/3.jpg
근대된장국|채소류국.탕|400.0|38.84|388.27|3.49|1.56|2.71|3.31|2.17|44.79|610.0|55.18|81.92|381.71|1304.1|0.59|0.15|0.0|0.0|0.52|0.18|1.34|0.72|2191.23|0.0|101.76|1.92|0.0|0.0|0.21|0.0|0.0|0.0|0.0|food/166/1.jpg|food/166/2.jpg|food/166/3.jpg
미소된장국|채소류국.탕|150.0|38.0|141.1|2.8|1.8|2.8|0.7|0.8|27.34|0.53|15.1|39.03|88.07|517.03|0.33|0.06|0.0|0.0|0.07|0.03|0.03|0.58|0.0|0.0|123.48|0.0|0.0|0.0|0.2|0.0|0.0|0.0|0.0|food/349/1.jpg|food/349/2.jpg|food/349/3.jpg
배추된장국|채소류국.탕|400.0|79.08|378.83|5.85|1.6|10.33|0.0|2.56|49.78|1000.0|23.46|97.19|379.09|890.79|1.92|0.08|0.0|0.0|0.0|0.19|0.26|0.0|5364.03|0.0|241.29|12.29|0.0|0.0|0.25|0.0|0.0|0.0|0.0|food/167/1.jpg|food/167/2.jpg|food/167/3.jpg
뼈다귀해장국|육류국.탕|1000.0|714.0|854.7|74.6|35.7|23.4|5.7|17.0|670.27|7.06|131.35|671.55|1199.28|3088.21|11.27|0.66|0.0|0.0|1.24|0.92|0.51|19.87|0.0|0.0|2765.17|321.72|0.0|0.0|14.3|0.0|0.0|0.1|0.0|food/168/1.jpg|food/168/2.jpg|food/168/3.jpg
선지해장국|육류국.탕|1000.0|312.0|919.4|49.3|5.4|16.7|3.9|9.5|206.72|78.57|92.03|238.15|641.53|3074.53|2.97|0.44|0.0|0.0|0.72|0.32|0.69|10.02|0.0|0.0|2533.22|230.52|0.0|0.0|2.7|0.0|0.0|0.1|0.0|food/350/1.jpg|food/350/2.jpg|food/350/3.jpg
선짓국|육류국.탕|600.0|173.84|557.79|23.18|5.73|7.39|0.0|2.5|135.67|41000.0|27.9|76.35|180.88|1874.43|2.58|0.55|0.0|0.0|1.72|0.49|0.0|14.85|26314.0|0.0|1529.2|174.29|0.0|0.0|0.79|0.0|0.0|0.02|0.0|food/169/1.jpg|food/169/2.jpg|food/169/3.jpg
시금치된장국|채소류국.탕|400.0|37.98|387.17|4.07|0.67|3.91|0.44|1.77|61.87|1150.0|81.81|85.16|722.19|495.32|0.7|0.1|0.0|0.0|0.7|0.55|0.55|0.7|2484.4|0.0|124.88|2.56|0.0|0.0|0.12|0.0|0.0|0.0|0.0|food/170/1.jpg|food/170/2.jpg|food/170/3.jpg
시래기된장국|채소류국.탕|450.0|99.0|424.1|6.7|3.1|11.0|1.3|6.0|213.27|2.63|55.68|128.65|329.45|1523.66|0.92|0.18|0.0|0.0|0.3|0.1|0.1|0.0|0.0|0.0|259.99|0.0|0.0|0.0|0.3|0.0|0.0|0.0|0.0|food/351/1.jpg|food/351/2.jpg|food/351/3.jpg
쑥된장국|채소류국.탕|400.0|60.64|383.34|4.88|1.87|6.08|2.92|3.07|40.7|830.0|40.33|98.16|591.0|970.74|0.45|0.24|0.0|0.0|0.38|0.24|1.02|0.65|3826.55|0.0|169.58|0.83|0.0|0.0|0.24|0.0|0.0|0.0|0.0|food/171/1.jpg|food/171/2.jpg|food/171/3.jpg
아욱된장국|채소류국.탕|400.0|81.83|377.63|9.1|2.23|6.34|0.44|4.6|455.38|3560.0|60.82|148.77|487.07|944.34|0.9|0.62|0.0|0.0|0.0|1.72|0.59|0.71|6568.3|0.0|349.38|40.86|0.0|0.0|0.33|0.0|0.0|0.0|0.0|food/172/1.jpg|food/172/2.jpg|food/172/3.jpg
우거지된장국|채소류국.탕|400.0|78.61|379.59|11.08|2.35|3.29|2.5|3.2|57.28|1400.0|27.96|127.66|336.29|1163.09|1.43|0.13|0.0|0.0|2.66|0.2|1.1|0.0|10966.66|0.0|464.42|28.42|0.0|0.0|0.5|0.0|0.0|0.0|0.0|food/173/1.jpg|food/173/2.jpg|food/173/3.jpg
우거지해장국|채소류국.탕|600.0|154.38|561.8|11.9|5.9|13.5|2.5|8.5|198.55|2.49|68.67|187.07|561.3|2049.59|1.64|0.31|0.0|0.0|0.17|0.13|2.29|0.0|0.0|0.0|465.65544483953|22.37|0.0|0.0|1.2|0.0|0.0|0.0|0.0|food/174/1.jpg|food/174/2.jpg|food/174/3.jpg
우렁된장국|어패류국.탕|500.0|245.0|440.0|24.6|7.7|19.2|3.6|8.1|656.62|6.34|147.29|362.38|599.9|2134.21|2.54|1.91|0.0|0.0|0.23|0.14|1.65|0.19|0.0|0.0|1033.31|105.38|0.0|0.0|1.1|0.0|0.0|0.0|0.0|food/175/1.jpg|food/175/2.jpg|food/175/3.jpg
갈낙탕|육류국.탕|400.0|261.77|347.6|35.8|12.8|0.8|1.3|3.8|48.37|2.96|71.96|234.83|278.17|847.97|11.26|3.91|0.0|0.0|0.0|0.31|0.0|0.0|0.0|0.0|1434.94088500368|209.08|0.0|0.0|5.8|0.0|0.0|0.4|0.0|food/176/1.jpg|food/176/2.png|food/176/3.jpg
갈비탕|육류국.탕|670.0|363.24|591.17|57.0|13.83|2.68|0.77|12.43|96.86|7100.0|45.64|326.38|708.57|1330.59|19.22|0.02|0.0|0.0|0.0|0.6|4.5|0.0|54235.4|0.0|2070.03|210.78|0.0|0.0|5.27|0.0|0.0|0.39|0.0|food/177/1.jpg|food/177/2.jpg|food/177/3.jpg
감자탕|육류찌개.전골|530.0|375.69|456.77|33.43|21.54|12.03|0.0|12.48|202.2|5610.0|54.42|229.78|519.0|1739.85|3.64|1.84|0.0|0.0|0.87|0.05|0.45|12.43|34317.99|0.0|1339.36|204.22|0.0|0.0|6.15|0.0|0.0|0.06|0.0|food/178/1.jpg|food/178/2.jpg|food/178/3.jpg
곰탕|육류국.탕|600.0|145.15|569.5|20.57|6.69|0.66|0.0|6.32|42.65|2680.0|18.15|99.79|209.87|744.08|2.59|0.09|0.0|0.0|0.3|0.19|1.85|16.48|11143.4|0.0|493.97|54.25|0.0|0.0|2.44|0.0|0.0|0.28|0.0|food/49/1.jpg|food/49/2.jpg|food/49/3.jpg
매운탕|어패류찌개.전골|600.0|211.37|544.2|29.07|3.86|15.08|2.69|9.85|151.75|2560.0|111.28|375.42|840.11|2208.53|2.5|1.31|0.0|0.0|4.0|0.46|4.48|71.15|22293.16|0.0|936.18|285.91|0.0|0.0|1.1|0.0|0.0|0.04|0.0|food/50/1.jpg|food/50/2.jpg|food/50/3.jpg
꼬리곰탕|육류국.탕|500.0|135.9|469.2|22.51|3.22|4.23|0.0|2.53|31.31|1340.0|12.56|89.59|109.32|96.89|3.68|0.32|0.0|0.0|0.47|0.23|1.34|0.0|25158.79|0.0|958.25|65.33|0.0|0.0|3.54|0.0|0.0|0.1|0.0|food/179/1.jpg|food/179/2.jpg|food/179/3.jpg
꽃게탕|어패류찌개.전골|600.0|101.1|572.91|11.13|2.46|8.61|5.71|4.85|139.66|2630.0|63.04|151.21|592.89|1639.04|1.69|0.78|0.0|0.0|0.33|0.27|1.51|27.34|7935.5|0.0|334.95|15.67|0.0|0.0|0.26|0.0|0.0|0.0|0.0|food/180/1.jpg|food/180/2.jpg|food/180/3.jpg
낙지탕|어패류국.탕|600.0|187.8|550.7|29.4|3.2|10.4|1.9|3.6|110.82|2.16|110.42|313.69|642.18|1704.69|5.79|2.41|0.0|0.0|0.33|0.22|4.27|0.0|0.0|0.0|1079.80699158281|292.42|0.0|0.0|0.4|0.0|0.0|0.0|0.0|food/181/1.jpg|food/181/2.jpg|food/181/3.gif
내장탕|육류찌개.전골|600.0|423.97|523.22|34.9|27.12|10.08|0.32|11.47|57.86|6310.0|63.39|306.55|467.89|1294.79|2.86|0.15|0.0|0.0|0.53|0.44|1.47|45.98|29599.98|0.0|1240.38|383.31|0.0|0.0|10.66|0.0|0.0|0.08|0.0|food/182/1.jpg|food/182/2.jpg|food/182/3.jpg
닭곰탕|육류국.탕|650.0|330.4|573.23|48.8|9.24|13.01|1.93|4.58|58.92|1910.0|86.22|594.11|1015.34|1105.06|3.12|0.32|0.0|0.0|0.31|0.77|1.56|0.27|46674.68|0.0|2109.22|234.12|0.0|0.0|1.95|0.0|0.0|0.02|0.0|food/51/1.jpg|food/51/2.jpg|food/51/3.jpg
닭볶음탕|육류찌개.전골|300.0|332.04|224.08|35.74|9.65|25.57|1.25|4.37|58.51|1920.0|70.56|313.93|981.98|1129.49|1.66|0.28|0.0|0.0|0.0|0.86|0.52|1.99|28369.48|0.0|1362.2|127.32|0.0|0.0|3.57|0.0|0.0|0.08|0.0|food/183/1.jpg|food/183/2.jpg|food/183/3.jpg
지리탕|어패류국.탕|600.0|232.05|540.1|41.7|2.7|10.3|1.4|5.3|242.25|1.3|71.97|362.9|612.47|1349.98|6.21|0.14|0.0|0.0|0.06|0.31|0.0|0.0|0.0|0.0|1436.80082672968|209.78|0.0|0.0|0.4|0.0|0.0|0.0|0.0|food/52/1.jpg|food/52/2.png|food/52/3.jpg
도가니탕|육류국.탕|500.0|198.17|450.09|41.76|1.63|4.1|0.0|6.73|40.73|9470.0|18.45|63.72|147.3|751.98|2.05|1.28|0.0|0.0|0.96|0.05|0.81|15.95|33779.26|0.0|1041.8|91.69|0.0|0.0|0.64|0.0|0.0|0.05|0.0|food/184/1.jpg|food/184/2.jpg|food/184/3.jpg
삼계탕|육류국.탕|900.0|911.39|720.18|96.09|43.19|34.57|4.03|14.44|123.29|3860.0|122.96|942.1|1406.48|736.67|6.58|0.51|0.0|0.0|4.07|0.75|3.54|0.0|66505.35|0.0|2859.86|433.68|0.0|0.0|11.64|0.0|0.0|0.28|0.0|food/185/1.jpg|food/185/2.jpg|food/185/3.jpg
설렁탕|육류국.탕|500.0|118.37|473.35|21.3|2.88|1.8|0.0|4.94|33.94|1410.0|12.08|85.24|116.76|109.78|3.21|0.02|0.0|0.0|0.0|0.15|1.03|12.54|16410.0|0.0|512.78|34.85|0.0|0.0|1.15|0.0|0.0|0.09|0.0|food/186/1.jpg|food/186/2.jpg|food/186/3.jpg
아구탕|어패류국.탕|600.0|246.07|537.1|37.8|4.9|12.8|1.8|6.4|297.49|2.93|102.94|429.94|877.53|1863.34|2.69|0.26|0.0|0.0|0.11|0.36|7.27|0.0|0.0|0.0|1393.27855150302|318.93|0.0|0.0|0.8|0.0|0.0|0.0|0.0|food/187/1.jpg|food/187/2.jpg|food/187/3.jpg
알탕|어패류찌개.전골|520.0|203.13|468.49|33.11|3.83|9.06|0.0|8.24|55.75|1660.0|63.43|585.84|851.66|1301.49|3.88|0.24|0.0|0.0|2.82|2.05|22.46|26.13|27756.45|0.0|1196.47|420.22|0.0|0.0|0.85|0.0|0.0|0.05|0.0|food/188/1.jpg|food/188/2.jpg|food/188/3.jpg
연포탕|어패류국.탕|1000.0|541.643954511121|864.783003003805|94.9022777777778|9.03024954839446|20.190649366115|0.227728751217766|14.3876606957922|551.187107645681|10.4504435506838|242.48|830.718546665588|1033.97881762819|2337.45610155167|17.96|10.75|0.0|0.0|0.0|0.874492214510623|0.0|5.37430546863711|0.0|0.0|3605.07|1057.46064433933|0.0|0.0|1.7542820847536|0.0|0.0|0.0777937785134944|0.0|food/189/1.jpg|food/189/2.jpg|food/189/3.jpg
오리탕|육류찌개.전골|600.0|728.09|458.3|56.99|39.37|36.46|21.45|14.71|189.37|7510.0|145.28|721.96|1780.38|1903.56|5.87|1.29|0.0|0.0|2.45|1.58|6.12|6.22|54350.36|0.0|2305.92|230.83|0.0|0.0|7.97|0.0|0.0|0.21|0.0|food/190/1.jpg|food/190/2.jpg|food/190/3.jpg
추어탕|어패류찌개.전골|350.0|188.33|312.81|11.33|11.12|10.74|0.0|7.72|473.83|2870.0|60.84|295.97|333.9|861.28|1.42|0.23|0.0|0.0|0.21|0.24|1.86|25.79|8347.63|0.0|384.59|55.44|0.0|0.0|1.08|0.0|0.0|0.04|0.0|food/53/1.jpg|food/53/2.jpg|food/53/3.jpg
해물탕|어패류국.탕|600.0|267.81|530.4|39.8|4.7|16.6|0.8|6.0|492.95|6.62|172.87|552.25|941.72|2046.24|7.6|1.47|0.0|0.0|0.13|0.31|18.42|0.0|0.0|0.0|1367.8726159549|469.49|0.0|0.0|0.8|0.0|0.0|0.0|0.0|food/191/1.jpg|food/191/2.jpg|food/191/3.jpg
닭개장|육류국.탕|700.0|142.98|662.64|19.17|2.97|9.88|4.0|5.19|109.59|1300.0|58.99|278.19|740.77|1168.18|1.27|0.24|0.0|0.0|0.51|0.39|0.39|0.72|14452.78|0.0|640.8|66.83|0.0|0.0|1.06|0.0|0.0|0.01|0.0|food/192/1.jpg|food/192/2.jpg|food/192/3.jpg
육개장|육류국.탕|440.0|130.33|409.22|16.21|4.37|6.54|3.33|5.25|72.71|2450.0|40.95|183.52|531.02|884.24|2.96|0.24|0.0|0.0|0.0|0.27|1.91|0.0|15163.86|0.0|670.09|47.8|0.0|0.0|0.75|0.0|0.0|0.01|0.0|food/193/1.jpg|food/193/2.jpg|food/193/3.jpg
미역오이냉국|냉국류|350.0|21.8|341.91|1.31|0.52|2.98|2.42|2.52|45.05|490.0|28.49|23.79|106.37|1144.4|0.17|0.05|0.0|0.0|0.34|0.02|0.12|0.0|1192.86|0.0|94.89|0.0|0.0|0.0|0.03|0.0|0.0|0.0|0.0|food/194/1.jpg|food/194/2.jpg|food/194/3.jpg
고등어찌개|어패류찌개.전골|600.0|601.62|481.2|48.9|33.7|25.6|7.4|15.7|266.23|4.42|140.13|671.03|1518.52|2584.06|2.82|0.52|0.0|0.0|0.34|0.49|16.7|0.0|0.0|0.0|1745.82296277228|156.06|0.0|0.0|7.1|0.0|0.0|0.3|0.0|food/195/1.jpg|food/195/2.jpg|food/195/3.jpg
꽁치찌개|어패류찌개.전골|300.0|355.0|235.1|24.0|23.3|12.2|5.9|9.4|219.92|2.86|64.82|350.58|676.46|1296.4|1.42|0.19|0.0|0.0|0.02|0.37|12.75|5.12|0.0|0.0|886.91|63.32|0.0|0.0|4.9|0.0|0.0|2.9|0.0|food/196/1.jpg|food/196/2.jpg|food/196/3.jpg
동태찌개|어패류찌개.전골|200.0|87.22|179.14|12.22|2.73|3.44|0.25|3.55|66.58|910.0|42.21|174.51|348.38|546.61|1.16|0.04|0.0|0.0|0.33|3.83|2.35|0.0|11457.12|0.0|487.87|53.35|0.0|0.0|0.39|0.0|0.0|0.02|0.0|food/197/1.jpg|food/197/2.jpg|food/197/3.jpg
부대찌개|육류찌개.전골|600.0|737.25|457.42|35.16|38.91|61.59|1.05|13.88|122.99|3800.0|133.28|514.31|1021.31|1435.59|3.4|0.27|0.0|0.0|0.0|1.2|1.27|2.87|28949.2|0.0|1429.79|66.31|0.0|0.0|10.1|0.0|0.0|0.27|0.0|food/54/1.jpg|food/54/2.jpg|food/54/3.jpg
된장찌개|채소류찌개.전골|200.0|91.91|178.55|6.76|3.26|8.87|0.0|3.18|41.3|1400.0|49.59|110.39|301.37|635.98|0.34|0.23|0.0|0.0|0.98|0.06|0.0|0.0|6538.66|0.0|343.19|0.0|0.0|0.0|0.53|0.0|0.0|0.0|0.0|food/352/1.jpg|food/352/2.jpg|food/352/3.jpg
청국장찌개|채소류찌개.전골|200.0|93.59|179.69|10.06|4.22|3.84|0.0|3.45|53.48|1440.0|61.79|139.13|313.71|484.88|1.24|0.28|0.0|0.0|0.01|0.13|0.0|0.0|8623.55|0.0|430.39|5.21|0.0|0.0|0.89|0.0|0.0|0.01|0.0|food/353/1.jpg|food/353/2.jpg|food/353/3.jpg
두부전골|채소류찌개.전골|500.0|315.16|433.9|25.6|16.1|17.1|3.5|7.4|411.5|4.02|140.2|435.96|722.06|1650.77|2.81|0.7|0.0|0.0|0.4|0.18|3.85|4.89|0.0|0.0|1237.27050151053|8.85|0.0|0.0|2.4|0.0|0.0|0.0|0.0|food/198/1.jpg|food/198/2.jpg|food/198/3.jpg
곱창전골|육류찌개.전골|600.0|529.0|494.9|41.6|27.3|29.2|2.3|13.2|148.95|6.39|92.89|423.89|725.81|1779.63|4.81|0.44|0.0|0.0|0.49|0.58|0.58|4.32|0.0|0.0|1572.11|453.19|0.0|0.0|8.3|0.0|0.0|0.5|0.0|food/55/1.jpg|food/55/2.jpg|food/55/3.jpg
소고기전골|육류찌개.전골|100.0|175.0|0.0|7.0|11.0|12.0|0.0|0.0|0.0|0.0|0.0|0.0|0.0|455.0|0.0|0.0|0.0|0.0|0.0|0.0|0.0|0.0|0.0|0.0|0.0|11.0|0.0|0.0|2.8|0.0|0.0|0.2|0.0|food/199/1.jpg|food/199/2.jpg|food/199/3.jpg
국수전골|육류찌개.전골|300.0|458.0|0.0|7.34|17.56|74.66|5.1|11.6|0.0|0.0|0.0|0.0|720.0|661.0|0.0|0.0|0.0|0.0|0.0|0.0|0.0|0.0|0.0|0.0|0.0|0.0|0.0|0.0|2.714|7.299|0.0|0.0|0.0|food/400/1.jpg|food/400/2.jpg|food/400/3.jpg
김치찌개|채소류찌개.전골|400.0|243.032467664397|351.450256923324|15.0690390635508|15.0046613549603|11.9285898038879|3.02469625391054|8.41666666666666|151.755775203393|15.1840805151176|0.0|210.73649624569|639.691382398821|1962.14205984727|0.0|0.0|0.0|0.0|1.09427456431258|0.783911678087419|0.0|0.0|0.0|0.0|0.0|25.1779120886603|0.0|0.0|2.75641295967475|0.0|0.0|0.0295818510121877|0.0|food/354/1.jpg|food/354/2.jpg|food/354/3.jpg
버섯찌개|채소류찌개.전골|400.0|167.56|359.9|14.7|5.2|15.4|4.4|7.9|70.75|2.23|56.89|222.48|655.05|1293.87|2.98|0.22|0.0|0.0|0.19|0.24|0.67|0.67|0.0|0.0|595.9785980254|16.55|0.0|0.0|1.3|0.0|0.0|0.1|0.0|food/200/1.jpg|food/200/2.jpg|food/200/3.jpg
새우젓두부찌개|채소류찌개.전골|300.0|166.0|264.2|16.2|8.1|7.2|1.7|6.1|226.15|2.3|88.09|248.2|403.9|1123.08|1.56|0.3|0.0|0.0|0.11|0.11|0.12|0.23|0.0|0.0|743.13|10.71|0.0|0.0|1.6|0.0|0.0|0.0|0.0|food/201/1.jpg|food/201/2.jpg|food/201/3.jpg
순두부찌개|채소류찌개.전골|200.0|85.54|182.08|9.06|4.32|2.61|1.19|2.1|23.54|1160.0|29.09|105.45|310.59|426.64|0.41|0.16|0.0|0.0|1.02|0.13|0.2|0.0|6910.93|0.0|319.47|17.15|0.0|0.0|0.9|0.0|0.0|0.01|0.0|food/355/1.png|food/355/2.jpg|food/355/3.jpg
콩비지찌개|채소류찌개.전골|400.0|275.73|340.86|26.95|12.32|14.27|12.98|8.16|90.04|2350.0|97.85|331.29|1109.45|1156.03|2.2|0.49|0.0|0.0|0.12|0.29|0.0|8.57|25046.4|0.0|1215.35|28.48|0.0|0.0|2.04|0.0|0.0|0.03|0.0|food/202/1.jpg|food/202/2.jpg|food/202/3.jpg
햄김치찌개|육류찌개.전골|300.0|189.0|260.7|11.1|10.4|12.7|3.6|8.3|101.58|1.54|55.48|214.58|546.7|1583.05|1.16|0.14|0.0|0.0|0.19|0.18|0.1|0.73|0.0|0.0|402.12|29.12|0.0|0.0|3.7|0.0|0.0|0.1|0.0|food/203/1.jpg|food/203/2.jpg|food/203/3.jpg
호박찌개|채소류찌개.전골|300.0|95.0|275.9|5.6|2.6|12.2|5.8|4.1|82.63|1.2|51.71|112.18|471.07|1024.11|0.78|0.12|0.0|0.0|0.1|0.12|0.14|2.77|0.0|0.0|204.88|9.26|0.0|0.0|0.4|0.0|0.0|0.0|0.0|food/204/1.jpg|food/204/2.jpg|food/204/3.jpg
대구찜|어패류찜|500.0|376.42|407.0|51.7|7.9|24.7|5.7|8.7|423.93|3.21|126.25|674.62|1193.87|1898.67|2.34|0.32|0.0|0.0|0.31|0.34|5.43|0.0|0.0|0.0|1932.3434631394|263.32|0.0|0.0|1.1|0.0|0.0|0.0|0.0|food/205/1.jpg|food/205/2.jpg|food/205/3.jpg
도미찜|어패류찜|100.0|125.505747379334|69.8578|22.9959445160664|3.48473333333333|0.539842328767165|0.0|1.38179904903395|59.1598459578411|0.661307880359734|51.37|272.17110768911|369.058074169466|839.961964395152|0.73|0.02|0.0|0.0|0.0166007544310029|0.237776428189848|0.0|1.72725739519164|0.0|0.0|871.28|99.0075586647427|0.0|0.0|0.909917443699621|0.0|0.0|0.0208096772026699|0.0|food/206/1.jpg|food/206/2.jpg|food/206/3.jpg
동태찜|어패류찜|500.0|394.32|404.8|50.9|9.7|25.8|5.7|9.7|369.06|3.54|134.41|624.98|1190.22|1985.6|2.6|0.42|0.0|0.0|0.26|0.39|6.51|0.66|0.0|0.0|1838.6862598963|284.22|0.0|0.0|1.6|0.0|0.0|0.1|0.0|food/207/1.jpg|food/207/2.jpg|food/207/3.jpg
문어숙회|어패류찜|80.0|66.9143609818924|63.083104|14.862227216581|0.504853333333333|0.730443028892148|0.0|0.864511382770068|11.9190555282397|0.126565355077068|30.44|104.181834424093|78.9121285943803|208.329581453024|1.87|0.33|0.0|0.0|0.0|0.0521830438493804|0.0|1.11376908664768|0.0|0.0|465.23|140.113288279639|0.0|0.0|0.121228722689281|0.0|0.0|0.0010747173241381|0.0|food/208/1.jpg|food/208/2.jpg|food/208/3.jpg
민어찜|어패류찜|100.0|136.877772112295|68.9883137898487|21.4740492382251|5.91373333333333|0.0|0.0|1.11524333147819|52.1125835010194|0.419413599450612|55.97|176.557309750463|262.309522710727|1089.43474475055|0.65|0.02|0.0|0.0|0.0412811864726588|0.143650466852709|0.0|0.0|0.0|0.0|871.99|97.7676992195861|0.0|0.0|1.67011167830434|0.0|0.0|0.0351425762721747|0.0|food/209/1.jpg|food/209/2.jpg|food/209/3.jpg
병어찜|어패류찜|100.0|179.68799113015|67.01274|18.8570283297582|11.5145|0.157344452779427|0.0|0.443920755467648|28.3727643596628|0.30169513363043|45.52|201.474622039857|274.473167707204|650.975197315548|0.73|0.01|0.0|0.0|0.0607017842417903|0.135128645466522|0.0|0.0|0.0|0.0|685.57|71.9212297644469|0.0|0.0|3.58975298882755|0.0|0.0|0.0643265624416804|0.0|food/210/1.jpg|food/210/2.jpg|food/210/3.jpg
북어찜|어패류찜|150.0|235.0|94.6|28.1|5.7|18.0|6.4|3.0|171.31|1.29|51.37|274.49|385.83|900.98|1.06|0.1|0.0|0.0|0.16|0.18|0.18|0.0|0.0|0.0|1153.79|153.1|0.0|0.0|0.9|0.0|0.0|0.1|0.0|food/211/1.jpg|food/211/2.jpg|food/211/3.jpg
아귀찜|어패류찜|200.0|168.18|162.55|13.44|6.26|14.52|5.46|6.12|52.82|2800.0|55.01|218.17|534.67|783.1|1.1|0.23|0.0|0.0|2.78|0.27|2.91|3.24|13322.79|0.0|550.08|102.77|0.0|0.0|0.96|0.0|0.0|0.03|0.0|food/212/1.jpg|food/212/2.png|food/212/3.jpg
전어찜|어패류찜|100.0|278.217866235344|55.5671883806879|17.27533265625|22.9698600764101|0.596948730663399|0.0|2.79442663410202|617.71928019266|4.62640275289277|52.74|476.802448606567|285.462449354474|447.400935413395|1.94|0.04|0.0|0.0|0.159032932784087|0.189207850489786|0.0|14.9364186728727|0.0|0.0|683.29|97.8769761465252|0.0|0.0|6.79761793352511|0.0|0.0|0.130172346249077|0.0|food/213/1.jpg|food/213/2.jpg|food/213/3.jpg
조기찜|어패류찜|100.0|182.117552315813|65.014|20.0584723819179|10.5904333333333|1.64244069703524|0.0|0.388711065216434|121.220977864709|0.483461975924885|41.44|226.761013965186|262.371698149385|602.033366520887|0.63|0.02|0.0|0.0|0.0|0.200450119312104|0.0|0.428995441152338|0.0|0.0|729.14|138.433440900796|0.0|0.0|2.84560654205256|0.0|0.0|0.0834629029747323|0.0|food/214/1.jpg|food/214/2.jpg|food/214/3.jpg
참꼬막|어패류찜|80.0|90.7869700375243|59.025264|12.4721171126789|2.50317333333333|4.59248539670214|0.0|1.73515114546442|62.6643585133989|9.6059789486198|48.13|125.294209366905|149.345207597899|234.162748807679|1.87|0.09|0.0|0.0|0.101874681160759|0.136998277954748|0.0|0.0|0.0|0.0|482.35|65.0322071206574|0.0|0.0|0.376918226984317|0.0|0.0|0.0161450653348943|0.0|food/215/1.jpg|food/215/2.jpg|food/215/3.jpg
해물찜|어패류찜|500.0|400.08|402.8|42.6|9.8|35.4|5.5|10.5|566.0|8.0|188.82|585.88|1126.41|2137.21|4.85|1.27|0.0|0.0|0.06|0.35|14.75|0.0|0.0|0.0|1598.43836322223|419.16|0.0|0.0|1.5|0.0|0.0|0.0|0.0|food/216/1.jpg|food/216/2.jpg|food/216/3.jpg
홍어찜|어패류찜|250.0|202.669418408806|196.086240111427|47.1198472222222|1.03388814799945|1.22125904698058|1.22125904698058|2.0763207184592|643.021796599365|1.19595213432973|71.16|620.440346384554|514.699802790191|644.958080910142|1.53|0.19|0.0|0.0|0.0|0.0662468924069212|0.0|1.48013529722204|0.0|0.0|1510.57|235.123042488837|0.0|0.0|0.344714654782129|0.0|0.0|0.0076703664119674|0.0|food/217/1.jpg|food/217/2.jpg|food/217/3.jpg
닭갈비|육류구이|400.0|595.61|276.4|45.9|25.8|44.9|21.2|11.6|98.64|3.38|104.42|505.25|1200.24|1535.83|3.55|0.34|0.0|0.0|0.24|0.37|1.12|5.54|0.0|0.0|1830.14127194101|193.4|0.0|0.0|6.0|0.0|0.0|0.2|0.0|food/56/1.jpg|food/56/2.jpg|food/56/3.jpg
닭꼬치|육류구이|70.0|176.722661137077|35.3079065997919|11.561723041353|8.56501389120873|13.3476609876966|3.15210668563089|2.07170833333333|17.6750468292727|7.63691788880754|0.0|122.798123571596|152.663030000484|286.911027516294|0.0|0.0|0.0|0.0|0.226146222103857|0.18408413082574|0.0|0.0|0.0|0.0|0.0|31.4437176472469|0.0|0.0|2.31532784916834|0.0|0.0|0.0438631942105014|0.0|food/218/1.jpg|food/218/2.jpg|food/218/3.jpg
돼지갈비|육류구이|100.0|240.32|56.3|19.5|14.4|8.1|4.5|0.3|47.21|0.92|20.74|156.16|280.71|404.66|2.75|0.07|0.0|0.0|0.31|0.14|0.0|0.0|0.0|0.0|839.22436708708|49.34|0.0|0.0|4.7|0.0|0.0|0.1|0.0|food/10/1.jpg|food/10/2.jpg|food/10/3.jpg
떡갈비|육류전|200.0|403.4|124.83|42.76|23.63|4.92|0.79|2.13|43.17|5800.0|38.05|340.89|598.6|807.59|13.39|0.11|0.0|0.0|0.0|0.49|5.74|1.54|38794.23|0.0|1605.1|136.07|0.0|0.0|8.58|0.0|0.0|0.84|0.0|food/11/1.jpg|food/11/2.jpg|food/11/3.jpg
불고기|육류구이|150.0|395.29|80.1|34.4|25.2|7.8|7.9|1.2|12.31|3.63|36.22|300.71|580.55|560.71|9.74|2.06|0.0|0.0|0.08|0.24|0.0|0.0|0.0|0.0|1437.93185497203|68.85|0.0|0.0|6.6|0.0|0.0|0.4|0.0|food/12/1.jpg|food/12/2.jpg|food/12/3.jpg
소곱창구이|육류구이|150.0|275.96|97.23|22.33|17.59|7.07|1.67|3.19|43.97|2260.0|34.77|247.13|408.59|1971.87|2.92|0.39|0.0|0.0|1.38|0.45|14.86|0.28|21151.8|0.0|846.1|294.17|0.0|0.0|6.17|0.0|0.0|0.47|0.0|food/380/1.jpg|food/380/2.jpg|food/380/3.jpg
소양념갈비구이|육류구이|300.0|989.15|137.0|60.1|71.6|26.2|13.9|7.5|85.27|6.34|59.1|412.97|632.12|1378.45|19.04|0.23|0.0|0.0|0.25|0.37|8.2|0.27|0.0|0.0|2517.25888467596|186.63|0.0|0.0|27.2|0.0|0.0|3.5|0.0|food/219/1.jpg|food/219/2.webp|food/219/3.jpg
소불고기|육류구이|200.0|339.22|135.81|32.82|19.32|8.51|6.48|7.07|37.46|4590.0|45.12|306.4|617.28|835.81|9.33|0.21|0.0|0.0|0.19|0.4|3.4|8.7|29646.67|0.0|1316.77|100.04|0.0|0.0|6.51|0.0|0.0|0.39|0.0|food/57/1.jpg|food/57/2.jpg|food/57/3.jpg
양념왕갈비|육류구이|150.0|480.81|71.8|27.1|35.3|13.7|6.8|1.4|31.21|2.93|26.29|174.75|283.01|548.76|8.26|0.11|0.0|0.0|0.0|0.1|0.0|0.0|0.0|0.0|1156.53832825036|58.52|0.0|0.0|13.0|0.0|0.0|2.2|0.0|food/220/1.jpg|food/220/2.jpg|food/220/3.jpg
햄버거스테이크|식육함유가공품|150.0|555.75|0.0|38.47|41.62|6.97|13.66|0.0|0.0|0.0|0.0|0.0|0.0|123.75|0.0|0.0|0.0|0.0|0.0|0.0|0.0|0.0|0.0|0.0|0.0|0.0|0.0|0.0|0.0|0.0|0.0|0.0|0.0|food/381/1.jpg|food/381/2.jpg|food/381/3.jpg
훈제오리|육류구이|250.0|797.1397416375|126.472598285975|43.0580921092491|64.0660052123335|12.0783315723756|0.26992855663196|1.35895664195866|38.4902918586025|4.1658833809523|41.16|623.669800083298|496.430925418653|1220.36711357861|4.23|0.63|0.0|0.0|0.601004678527886|0.601209031171371|0.0|47.7088483639776|0.0|0.0|1673.48|171.003918961307|0.0|0.0|15.9837942567046|0.0|0.0|0.390324824801881|0.0|food/221/1.jpg|food/221/2.jpg|food/221/3.jpg
치킨데리야끼|육류구이|340.0|707.64|197.13|56.23|30.65|51.71|0.39|4.75|54.98|1810.0|68.96|413.93|792.79|906.15|3.88|0.19|0.0|0.0|0.33|0.4|0.48|72.98|39270.75|0.0|1700.63|181.17|0.0|0.0|8.82|0.0|0.0|0.19|0.0|food/13/1.jpg|food/13/2.jpg|food/13/3.jpg
치킨윙|치킨류|200.0|386.0|0.0|48.0|0.0|0.0|5.0|0.0|0.0|0.0|0.0|0.0|0.0|1363.0|0.0|0.0|0.0|0.0|0.0|0.0|0.0|0.0|0.0|0.0|0.0|0.0|0.0|0.0|3.0|0.0|0.0|0.0|0.0|food/222/1.jpg|food/222/2.jpg|food/222/3.jpg
더덕구이|채소류구이|100.0|184.0|58.1|3.1|5.2|31.1|11.6|6.8|46.42|1.43|38.21|88.17|262.44|743.37|0.59|0.13|0.0|0.0|0.23|0.08|0.0|1.34|0.0|0.0|82.78|0.12|0.0|0.0|0.8|0.0|0.0|0.0|0.0|food/223/1.jpg|food/223/2.jpg|food/223/3.jpg
양배추구이|채소류|100.0|32.0|90.0|1.71|0.12|7.56|5.2|2.4|43.0|310.0|14.0|38.0|240.0|7.0|0.15|0.01|0.0|14.256|0.111|0.035|0.0|40.26|1420.0|364.0|28.0|0.0|0.12|0.08|0.03|0.08|0.06|0.0|29.0|food/382/1.jpg|food/382/2.jpg|food/382/3.jpg
두부구이|채소류구이|65.0|91.12|0.0|7.02|5.74|2.85|0.0|0.0|0.0|0.0|0.0|0.0|0.0|1.97|0.0|0.0|0.0|0.0|0.0|0.0|0.0|0.0|0.0|0.0|0.0|0.0|0.0|0.0|0.0|0.0|0.0|0.0|0.0|food/224/1.jpg|food/224/2.jpg|food/224/3.jpg
가자미전|어패류전|150.0|230.281543399068|102.644028164233|25.75998578125|11.0647285403889|6.9147608526418|0.304989051476092|1.36385461965873|346.84866388482|0.766899618158214|45.54|371.102748296406|340.265274034026|819.365349972014|1.27|0.01|0.0|0.0|0.158377696158104|0.201729770330208|0.0|0.0|0.0|0.0|841.96|176.272282837032|0.0|0.0|2.24407522866244|0.0|0.0|0.0547145003105198|0.0|food/225/1.jpg|food/225/2.jpg|food/225/3.jpg
굴전|어패류전|100.0|195.0|62.9|10.6|10.5|14.5|1.3|2.4|36.24|3.21|32.61|160.08|194.56|325.7|8.35|1.74|0.0|0.0|0.07|0.3|8.6|17.67|0.0|0.0|440.73|96.88|0.0|0.0|2.1|0.0|0.0|0.1|0.0|food/226/1.jpg|food/226/2.jpg|food/226/3.jpg
해물파전|어패류전|150.0|256.14|100.01|8.25|12.6|27.43|1.23|2.44|64.65|3520.0|24.42|138.26|190.61|449.35|0.69|0.1|0.0|0.0|0.32|0.12|5.68|0.39|7718.34|0.0|408.25|76.08|0.0|0.0|1.56|0.0|0.0|0.05|0.0|food/228/1.jpg|food/228/2.jpg|food/228/3.jpg
동그랑땡|육류전|150.0|309.200376856761|95.2812766453808|19.6177166666667|20.0006744068771|12.6808601320501|0.978526736519764|3.64538964371169|98.3984509592176|2.03409652734692|41.2|246.297422543404|344.291317273373|553.086787151812|1.95|0.24|0.0|0.0|0.320133291519902|0.263698611350433|0.0|0.0|0.0|0.0|1353.47|103.265489745663|0.0|0.0|4.65713731883809|0.0|0.0|0.11694895330401|0.0|food/229/1.jpg|food/229/2.jpg|food/229/3.jpg
햄부침|육류전|100.0|244.0|58.0|11.3|17.1|11.3|1.0|1.6|33.46|1.0|15.93|188.07|177.64|715.66|1.05|0.04|0.0|0.0|0.19|0.12|0.12|5.46|0.0|0.0|480.9|72.11|0.0|0.0|4.4|0.0|0.0|0.1|0.0|food/230/1.jpg|food/230/2.jpg|food/230/3.jpg
육전|육류전|200.0|403.4|124.83|42.76|23.63|4.92|0.79|2.13|43.17|5800.0|38.05|340.89|598.6|807.59|13.39|0.11|0.0|0.0|0.0|0.49|5.74|1.54|38794.23|0.0|1605.1|136.07|0.0|0.0|8.58|0.0|0.0|0.84|0.0|food/383/1.jpg|food/383/2.jpg|food/383/3.jpg
감자전|채소류전|200.0|265.62|146.95|3.43|13.07|33.58|3.62|4.05|17.53|720.0|38.84|91.17|811.04|586.57|0.49|0.21|0.0|0.0|0.16|0.06|0.0|3.02|2939.66|0.0|124.3|0.0|0.0|0.0|1.77|0.0|0.0|0.09|0.0|food/231/1.jpg|food/231/2.jpg|food/231/3.jpg
고추전|채소류전|150.0|274.689469925775|101.084228964275|12.910375|17.2231756765821|17.0098472091341|2.16960393306138|7.4742555754879|66.1810620166702|1.24504548853817|31.1|166.471290994622|311.134931845377|362.205163056195|1.27|0.22|0.0|0.0|0.202031096928614|0.190665321680637|0.0|9.87585505830437|0.0|0.0|561.69|78.8124318331094|0.0|0.0|3.51829328128277|0.0|0.0|0.0933814381105523|0.0|food/232/1.jpg|food/232/2.jpg|food/232/3.jpg
김치전|채소류전|150.0|201.08|105.67|7.58|6.3|28.51|6.32|3.67|64.6|940.0|25.43|108.54|311.99|360.13|0.66|0.06|0.0|0.0|0.12|0.2|0.25|2.21|5164.2|0.0|271.59|82.36|0.0|0.0|1.3|0.0|0.0|0.06|0.0|food/14/1.jpg|food/14/2.jpg|food/14/3.jpg
깻잎전|채소류전|150.0|361.098939373814|89.7165977074176|17.7359416666667|25.7759179366865|14.5429778192423|1.06054046821257|4.59935076032906|110.188701020748|2.02519469925541|41.75|233.986457611003|321.514349320107|480.148622158208|1.86|0.24|0.0|0.0|0.254486734283516|0.286427304323298|0.0|0.0|0.0|0.0|806.81|131.796333195714|0.0|0.0|5.42689273632817|0.0|0.0|0.145218173648547|0.0|food/233/1.jpg|food/233/2.jpg|food/233/3.jpg
녹두빈대떡|부침류|100.0|207.942494308581|59.5427477711771|7.94460277777778|10.269934645584|20.9336678468036|0.101279687625141|4.62376698127595|21.1331263272327|0.971095211308969|35.86|126.173659146746|265.316108756712|232.047217051049|0.84|0.22|0.0|0.0|0.142006323152106|0.131901424636375|0.0|1.6946809261616|0.0|0.0|452.73|12.4839643262098|0.0|0.0|2.25933105341404|0.0|0.0|0.0633249897676448|0.0|food/234/1.jpg|food/234/2.jpg|food/234/3.jpg
미나리전|채소류전|150.0|226.412808730206|101.73486|5.23887793852646|7.61675|34.2266367440252|1.73963333865305|3.7483436443887|32.5365327108851|0.515123241022665|19.09|69.2496416603255|198.682039028291|248.70392438644|0.33|0.03|0.0|0.0|0.0|0.189024456348733|0.0|0.0|0.0|0.0|260.44|11.8853103685955|0.0|0.0|1.22634604315622|0.0|0.0|0.0528320866307418|0.0|food/235/1.jpg|food/235/2.jpg|food/235/3.jpg
배추전|채소류전|150.0|240.746046573285|99.30036|5.16554971397107|8.66925|35.5151494293502|5.01966031142456|4.51137457949984|48.0306712383734|0.605968438957969|21.99|78.1880167362351|181.783471904044|326.825872505338|0.45|0.03|0.0|0.0|0.13492346681234|0.116577081078181|0.0|0.0|0.0|0.0|230.48|7.23483087804151|0.0|0.0|1.37375130919624|0.0|0.0|0.0774650664756329|0.0|food/236/1.jpg|food/236/2.jpg|food/236/3.jpg
버섯전|채소류전|150.0|240.686903230518|106.65804|10.5237070707176|14.8683375|16.1942593619119|2.73874689676537|5.40068920555234|41.9122158405846|1.34923611788566|27.56|204.074579698239|384.440273480282|313.756562843574|1.56|0.14|0.0|0.0|0.350091302088148|0.260427928732656|0.0|0.0|0.0|0.0|445.37|100.099996642048|0.0|0.0|2.293104674458|0.0|0.0|0.0618326441508628|0.0|food/15/1.jpg|food/15/2.jpg|food/15/3.jpg
부추전|채소류전|150.0|251.22|93.38|6.95|6.25|41.79|12.42|4.28|31.15|760.0|19.42|69.06|259.34|370.09|0.4|0.08|0.0|0.0|0.0|0.16|0.0|0.25|6698.32|0.0|343.65|39.25|0.0|0.0|1.2|0.0|0.0|0.08|0.0|food/237/1.jpg|food/237/2.jpg|food/237/3.jpg
야채전|채소류전|100.0|194.0|62.2|5.4|9.5|21.6|2.4|3.1|28.29|0.69|15.94|86.92|179.17|321.52|0.66|0.08|0.0|0.0|0.08|0.23|0.23|3.85|0.0|0.0|256.36|43.15|0.0|0.0|2.1|0.0|0.0|0.1|0.0|food/238/1.jpg|food/238/2.jpg|food/238/3.jpg
파전|채소류전|150.0|292.798611087222|92.8830947922203|6.83399166666667|14.0262331933715|34.8066364200528|0.787315399131496|6.18926702931163|46.9711464548501|0.770432974362184|19.49|101.903153605197|189.674288549312|345.961897217697|0.43|0.06|0.0|0.0|0.175840890397661|0.360082425647164|0.0|0.945335696869391|0.0|0.0|269.65|46.1411042841431|0.0|0.0|2.25959923240416|0.0|0.0|0.0677955518330181|0.0|food/16/1.jpg|food/16/2.jpg|food/16/3.jpg
호박부침개|채소류전|100.0|129.0|77.0|3.9|8.1|10.1|3.6|1.3|28.14|0.6|17.77|75.85|194.17|174.33|0.46|0.06|0.0|0.0|0.06|0.14|0.18|1.7|0.0|0.0|193.87|52.48|0.0|0.0|1.7|0.0|0.0|0.1|0.0|food/239/1.jpg|food/239/2.jpg|food/239/3.jpg
호박전|채소류전|150.0|208.104053702332|112.84701|6.47781959764197|13.08995|16.095806327941|2.84672243657664|6.87366088890622|47.9927581969314|1.03657329147033|28.94|125.236965884477|307.847620929791|276.952520371124|0.64|0.05|0.0|0.0|0.0898826690038237|0.110621187026192|0.0|0.0|0.0|0.0|301.67|92.5248320483142|0.0|0.0|2.3359031313079|0.0|0.0|0.0638708101026638|0.0|food/17/1.jpg|food/17/2.jpg|food/17/3.jpg
달걀말이|기타 전.적|100.0|193.49|66.53|17.21|13.21|1.45|0.0|1.2|55.17|1740.0|11.84|185.6|144.44|449.07|1.1|0.05|0.0|0.0|0.0|0.44|1.58|0.31|13076.73|0.0|726.31|339.85|0.0|0.0|3.33|0.0|0.0|0.08|0.0|food/240/1.jpg|food/240/2.jpg|food/240/3.jpg
두부부침|채소류전|100.0|139.93|75.36|10.92|9.77|2.07|0.24|0.65|63.23|1780.0|104.38|193.41|213.27|429.11|1.36|0.23|0.0|0.0|0.0|0.05|0.0|0.76|10911.45|0.0|592.11|0.0|0.0|0.0|1.45|0.0|0.0|0.03|0.0|food/241/1.jpg|food/241/2.jpg|food/241/3.jpg
두부전|채소류전|150.0|254.642560749078|103.8319|20.4579426755256|15.86815|7.49936001174378|0.025|4.18199265802333|253.752386446612|3.00589510948793|100.43|302.831908475589|244.286060794327|317.153414526775|1.95|0.36|0.0|0.0|0.0|0.0801728886634241|0.0|0.0|0.0|0.0|957.06|3.2791443918043|0.0|0.0|2.00590473158125|0.0|0.0|0.0386232399102208|0.0|food/18/1.jpg|food/18/2.jpg|food/18/3.jpg
건새우볶음|어패류볶음|20.0|60.83|5.62|8.31|2.59|1.08|0.81|1.45|627.06|910.0|45.28|152.29|126.28|310.78|0.84|0.14|0.0|0.0|0.0|0.07|1.24|2.55|6286.62|0.0|283.31|77.59|0.0|0.0|0.35|0.0|0.0|0.02|0.0|food/242/1.jpg|food/242/2.jpg|food/242/3.jpg
낙지볶음|어패류볶음|200.0|182.69|159.8|11.53|7.53|17.2|15.81|5.54|57.26|830.0|61.09|154.57|433.33|1074.86|1.41|0.44|0.0|0.0|0.6|0.16|0.7|22.86|10519.56|0.0|414.37|89.52|0.0|0.0|0.87|0.0|0.0|0.03|0.0|food/243/1.jpg|food/243/2.jpg|food/243/3.png
멸치볶음|어패류볶음|50.0|138.0|13.73|19.72|3.54|6.81|5.8|5.06|525.4|4830.0|149.69|540.42|298.85|1303.05|2.15|0.04|0.0|0.0|0.05|0.04|5.47|1.8|15557.94|0.0|695.76|184.35|0.0|0.0|0.64|0.0|0.0|0.02|0.0|food/19/1.jpg|food/19/2.jpg|food/19/3.jpg
어묵볶음|어패류볶음|140.0|275.24|80.63|11.78|10.21|34.06|8.84|3.49|59.6|970.0|31.05|125.67|182.42|1144.7|0.68|0.17|0.0|0.0|3.61|0.05|0.17|0.2|11641.92|0.0|529.11|23.3|0.0|0.0|1.85|0.0|0.0|0.07|0.0|food/244/1.jpg|food/244/2.jpg|food/244/3.jpg
오징어볶음|어패류볶음|200.0|255.56|149.03|19.69|13.04|14.86|3.85|7.9|66.12|1060.0|66.38|273.64|555.25|619.61|1.45|0.25|0.0|0.0|0.0|0.41|2.83|17.96|12791.78|0.0|546.72|218.36|0.0|0.0|2.0|0.0|0.0|0.07|0.0|food/356/1.jpg|food/356/2.jpg|food/356/3.jpg
오징어채볶음|어패류볶음|20.0|59.52|8.11|4.09|2.99|4.07|4.92|1.53|3.05|90.0|7.5|36.2|31.8|263.9|0.39|0.03|0.0|0.0|0.52|0.01|0.5|1.81|4236.68|0.0|170.8|41.86|0.0|0.0|0.47|0.0|0.0|0.01|0.0|food/245/1.jpg|food/245/2.jpg|food/245/3.jpg
주꾸미볶음|어패류볶음|200.0|211.413342076453|150.210134541179|18.3260666666667|5.2010332423606|22.8249440571351|5.06041603143046|4.65086378756074|49.7150676555263|1.34744266923086|45.14|153.239770724406|318.79903932589|918.86355415473|2.19|0.48|0.0|0.0|0.0766019274942761|0.161960216634661|0.0|13.04033430756|0.0|0.0|738.31|200.758847089984|0.0|0.0|0.606750790970131|0.0|0.0|0.0243688931277889|0.0|food/246/1.jpg|food/246/2.jpg|food/246/3.jpg
해물볶음|어패류볶음|400.0|419.06|306.1|38.2|15.3|32.2|7.4|9.2|424.35|8.25|167.42|556.43|925.01|1755.16|4.77|1.18|0.0|0.0|0.0|0.28|12.97|17.16|0.0|0.0|1363.18270927723|329.59|0.0|0.0|2.1|0.0|0.0|0.1|0.0|food/20/1.jpg|food/20/2.jpg|food/20/3.jpg
감자볶음|채소류볶음|100.0|100.18|79.6|1.75|4.84|12.41|3.37|1.69|11.02|310.0|15.66|38.31|311.32|318.41|0.22|0.07|0.0|0.0|0.02|0.03|0.0|0.96|1338.45|0.0|60.94|0.0|0.0|0.0|0.63|0.0|0.0|0.03|0.0|food/247/1.jpg|food/247/2.jpg|food/247/3.jpg
김치볶음|채소류볶음|100.0|106.07|81.24|1.38|7.94|7.27|4.45|3.23|52.94|410.0|21.13|52.25|316.01|521.44|0.29|0.03|0.0|0.0|0.13|0.18|0.08|1.71|1263.52|0.0|65.97|4.66|0.0|0.0|0.87|0.0|0.0|0.08|0.0|food/21/1.jpg|food/21/2.jpg|food/21/3.jpg
깻잎나물볶음|채소류볶음|200.0|206.0|162.2|7.5|14.4|11.5|0.6|10.4|364.67|2.86|102.11|137.63|352.62|1042.68|1.51|0.31|0.0|0.0|0.4|0.24|0.24|1.63|0.0|0.0|376.03|0.0|0.0|0.0|1.7|0.0|0.0|0.1|0.0|food/248/1.jpg|food/248/2.jpg|food/248/3.jpg
느타리버섯볶음|채소류볶음|50.0|47.09|41.27|1.4|3.1|3.39|2.12|2.23|2.47|240.0|8.37|43.04|93.46|261.84|0.34|0.03|0.0|0.0|0.0|0.06|0.0|1.81|936.8|0.0|45.89|0.0|0.0|0.0|0.4|0.0|0.0|0.02|0.0|food/249/1.jpg|food/249/2.jpg|food/249/3.jpg
두부김치|채소류볶음|250.0|288.213269780499|194.63314174099|19.4658263888889|17.1148383505124|14.079104767583|1.48748864275337|10.5148832012352|247.214737726026|3.24579557398511|93.34|312.740738371255|557.284030458769|989.687623103011|1.76|0.32|0.0|0.0|0.68013016788278|0.169530578113589|0.0|2.84957191011014|0.0|0.0|960.01|13.9215779460924|0.0|0.0|3.17302905758255|0.0|0.0|0.0748977666856726|0.0|food/22/1.jpg|food/22/2.jpg|food/22/3.jpg
머위나물볶음|채소류볶음|150.0|108.0|129.1|3.5|7.0|7.6|1.8|5.3|107.48|1.06|42.93|81.57|268.64|718.63|0.59|0.17|0.0|0.0|0.14|0.07|0.07|1.87|0.0|0.0|156.56|0.0|0.0|0.0|0.8|0.0|0.0|0.0|0.0|food/250/1.jpg|food/250/2.jpg|food/250/3.jpg
양송이버섯볶음|채소류볶음|150.0|136.0|123.9|4.5|8.3|11.0|1.2|4.7|17.57|0.66|22.89|147.9|488.04|515.17|0.86|0.37|0.0|0.0|0.16|0.41|0.41|1.8|0.0|0.0|129.11|0.0|0.0|0.0|1.4|0.0|0.0|0.0|0.0|food/251/1.jpg|food/251/2.jpg|food/251/3.jpg
표고버섯볶음|채소류볶음|150.0|142.0|120.8|4.5|6.7|15.8|2.6|9.3|20.65|0.68|24.92|109.09|317.08|574.8|1.26|0.12|0.0|0.0|0.16|0.17|0.17|1.5|0.0|0.0|124.21|0.0|0.0|0.0|0.8|0.0|0.0|0.0|0.0|food/23/1.jpg|food/23/2.jpg|food/23/3.jpg
고추잡채|기타 볶음류|200.0|256.769389601295|148.213148849059|10.9935067328726|12.0125394075668|26.1706270004259|2.09182401989628|4.5675|32.8423978448878|24.5457933941111|0.0|108.74113644101|269.21747019919|828.545428779008|0.0|0.0|0.0|0.0|0.162957965992637|0.193090105667666|0.0|8.87747808699775|0.0|0.0|0.0|39.2627573295775|0.0|0.0|2.1099848641816|0.0|0.0|0.0754918077768885|0.0|food/252/1.jpg|food/252/2.jpg|food/252/3.jpg
호박볶음|채소류볶음|50.0|29.52|43.98|0.66|1.81|2.65|0.21|1.21|16.91|190.0|10.03|20.14|117.5|223.39|0.14|0.03|0.0|0.0|0.0|0.04|0.02|0.0|581.61|0.0|34.71|0.0|0.0|0.0|0.22|0.0|0.0|0.02|0.0|food/253/1.jpg|food/253/2.jpg|food/253/3.jpg
돼지고기볶음|육류볶음|200.0|350.67281591807|134.171905467491|22.9612941253924|20.665241280161|18.2101169737629|8.2012111788535|3.0201|43.0146880574538|15.9742894618851|0.0|206.063164313734|568.053560632476|1051.75805793204|0.0|0.0|0.0|0.0|0.473369228731153|0.514583784231106|0.0|0.745945266888766|0.0|0.0|0.0|57.8702264473919|0.0|0.0|5.11882520076982|0.0|0.0|0.150723893037877|0.0|food/254/1.jpg|food/254/2.jpg|food/254/3.jpg
돼지껍데기볶음|육류볶음|150.0|352.0|80.4|25.8|16.7|24.5|5.5|3.0|28.54|1.07|24.74|74.49|232.52|779.81|0.49|0.11|0.0|0.0|0.09|0.09|0.09|0.0|0.0|0.0|585.8|47.75|0.0|0.0|4.9|0.0|0.0|0.1|0.0|food/255/1.jpg|food/255/2.jpg|food/255/3.jpg
소세지볶음|육류볶음|200.0|471.0|115.0|18.8|29.9|31.8|8.9|2.8|90.72|1.99|33.79|287.55|417.43|1436.06|1.71|0.12|0.0|0.0|1.8|0.16|0.16|18.01|0.0|0.0|716.62|60.26|0.0|0.0|8.8|0.0|0.0|0.2|0.0|food/256/1.jpg|food/256/2.jpg|food/256/3.jpg
순대볶음|육류볶음|400.0|582.0|275.4|20.7|21.3|76.7|5.4|10.7|132.96|10.7|74.55|233.33|560.39|1500.35|2.14|0.31|0.0|0.0|0.94|0.22|0.22|0.0|0.0|0.0|786.08|141.72|0.0|0.0|5.1|0.0|0.0|0.1|0.0|food/357/1.jpg|food/357/2.jpg|food/357/3.jpg
오리불고기|육류구이|250.0|361.52|183.4|16.87|22.62|22.62|15.73|9.09|35.91|2380.0|51.04|234.9|755.99|1168.55|1.8|0.41|0.0|0.0|4.19|0.5|1.01|6.54|15157.89|0.0|668.16|77.82|0.0|0.0|5.09|0.0|0.0|0.13|0.0|food/257/1.gif|food/257/2.jpg|food/257/3.jpg
오삼불고기|육류볶음|200.0|363.0|130.2|25.6|19.9|20.5|7.6|4.1|42.87|1.6|62.3|327.08|570.45|885.09|2.62|0.28|0.0|0.0|0.65|0.24|0.24|0.26|0.0|0.0|990.91|184.46|0.0|0.0|5.2|0.0|0.0|0.1|0.0|food/358/1.jpg|food/358/2.jpg|food/358/3.jpg
떡볶이|떡볶이류|180.0|260.02|119.37|6.31|5.32|46.72|7.92|1.88|25.8|320.0|22.89|82.82|151.85|703.12|0.61|0.15|0.0|0.0|0.24|0.11|0.0|3.46|5451.33|0.0|276.86|4.21|0.0|0.0|0.51|0.0|0.0|0.01|0.0|food/359/1.jpg|food/359/2.jpg|food/359/3.jpg
라볶이|떡볶이류|200.0|268.47|142.34|5.66|9.41|40.28|1.88|3.87|102.55|460.0|18.89|69.87|211.85|622.28|0.32|0.12|0.0|0.0|0.0|0.61|0.0|0.0|4668.9|0.0|222.27|5.03|0.0|0.0|2.93|0.0|0.0|0.05|0.0|food/258/1.jpg|food/258/2.jpg|food/258/3.jpg
마파두부|채소류볶음|160.0|174.33|126.86|11.67|10.37|8.58|3.92|3.5|46.1|1650.0|61.67|151.72|183.51|563.45|1.0|0.21|0.0|0.0|6.86|0.02|0.15|5.77|10393.66|0.0|526.32|10.86|0.0|0.0|1.66|0.0|0.0|0.04|0.0|food/360/1.jpg|food/360/2.jpg|food/360/3.jpg
가자미조림|어패류조림|300.0|297.98|227.7|37.1|7.1|21.5|10.5|5.4|228.75|1.52|81.64|445.33|837.63|1692.83|1.93|0.12|0.0|0.0|0.33|0.27|6.37|4.18|0.0|0.0|1455.77775248246|227.98|0.0|0.0|1.3|0.0|0.0|0.1|0.0|food/259/1.jpg|food/259/2.jpg|food/259/3.jpg
갈치조림|어패류조림|100.0|100.82|75.96|12.72|2.81|6.16|6.29|2.63|35.99|520.0|31.64|157.05|375.48|567.55|0.52|0.12|0.0|0.0|0.0|0.08|1.78|0.85|12213.6|0.0|496.92|50.49|0.0|0.0|0.59|0.0|0.0|0.02|0.0|food/24/1.jpg|food/24/2.jpg|food/24/3.jpg
고등어조림|어패류조림|100.0|141.01|73.94|11.25|8.84|4.1|3.39|2.45|48.66|810.0|28.11|147.86|346.04|389.57|0.53|0.09|0.0|0.0|0.68|0.17|3.5|1.75|10529.75|0.0|452.2|30.05|0.0|0.0|2.14|0.0|0.0|0.05|0.0|food/25/1.jpg|food/25/2.jpg|food/25/3.jpg
꽁치조림|어패류조림|100.0|243.51|59.64|15.52|17.87|5.14|4.05|3.56|77.59|1290.0|28.18|203.28|310.18|349.67|0.74|0.15|0.0|0.0|2.65|0.25|9.47|2.72|15133.78|0.0|633.02|32.81|0.0|0.0|3.52|0.0|0.0|2.48|0.0|food/260/1.jpg|food/260/2.jpg|food/260/3.jpg
동태조림|어패류조림|250.0|276.0|181.0|40.8|4.7|17.4|10.2|4.2|336.54|1.45|87.87|464.81|767.51|1391.69|1.77|0.11|0.0|0.0|0.32|0.3|4.7|1.05|0.0|0.0|1588.82|218.45|0.0|0.0|1.1|0.0|0.0|0.2|0.0|food/261/1.jpg|food/261/2.jpg|food/261/3.jpg
북어조림|어패류조림|100.0|181.860379647736|55.7272969258573|20.8263222222222|3.33134154693144|17.143254209116|8.20262405003408|2.07275505238688|154.901648995541|0.698238595574374|37.2|207.2604271699|269.646664737618|765.946126323454|0.75|0.09|0.0|0.0|0.108895899436322|0.115834987400625|0.0|3.4106588339297|0.0|0.0|821.69|99.6290232321806|0.0|0.0|0.66909269492672|0.0|0.0|0.0488758615927779|0.0|food/262/1.jpg|food/262/2.jpg|food/262/3.jpg
조기조림|어패류조림|300.0|384.0|220.9|41.1|18.8|12.8|4.5|6.5|337.82|1.74|96.43|462.52|795.38|1771.22|1.72|0.13|0.0|0.0|0.28|0.27|0.27|0.77|0.0|0.0|1482.8|228.18|0.0|0.0|5.0|0.0|0.0|0.1|0.0|food/263/1.jpg|food/263/2.jpg|food/263/3.jpg
코다리조림|어패류조림|100.0|86.06|76.9|16.46|0.4|4.16|3.67|12.85|73.34|580.0|39.78|162.65|352.9|465.52|0.6|0.06|0.0|0.0|0.0|0.22|1.77|6.72|15920.32|0.0|639.16|66.8|0.0|0.0|0.17|0.0|0.0|0.02|0.0|food/264/1.jpg|food/264/2.jpg|food/264/3.jpg
달걀장조림|기타 조림류|100.0|138.11|72.35|9.85|7.12|8.67|6.87|1.54|38.08|1450.0|15.76|133.75|179.65|627.5|0.8|0.04|0.0|0.0|0.04|0.37|0.59|0.16|8644.03|0.0|476.56|246.68|0.0|0.0|2.07|0.0|0.0|0.03|0.0|food/265/1.jpg|food/265/2.jpg|food/265/3.jpg
메추리알장조림|기타 조림류|100.0|202.86|63.6|14.25|13.41|6.3|3.48|0.76|74.26|2930.0|20.74|269.4|131.51|754.51|1.79|0.1|0.0|0.0|0.03|0.35|5.11|1.3|13631.1|0.0|761.25|389.45|0.0|0.0|4.18|0.0|0.0|0.08|0.0|food/58/1.jpg|food/58/2.jpg|food/58/3.jpg
돼지고기메추리알장조림|육류조림|50.0|63.4924568732052|34.6759874987461|8.33628925476405|1.85103660701949|3.37199259774343|1.27265606261367|0.526237222326442|8.8429093702232|0.556385245136782|9.49|66.0342395536265|100.658824627347|582.987175256528|0.81|0.05|0.0|0.0|0.136330104781695|0.0790410593915543|0.0|0.0304293795439109|0.0|0.0|358.94|47.6400472144791|0.0|0.0|0.441774164843866|0.0|0.0|0.0048045625594687|0.0|food/266/1.jpg|food/266/2.jpg|food/266/3.jpg
소고기메추리알장조림|육류조림|50.0|60.6523692927811|35.3792656967569|8.13650576050211|1.84176438594831|2.88261669430947|0.714788474426626|0.579091528168516|8.45516829770992|0.796136886081553|8.92|57.6128602393096|86.5437918106721|602.119751507761|1.4|0.06|0.0|0.0|0.0565185634291125|0.0676083968792357|0.0|0.0249011704425008|0.0|0.0|364.8|41.5158379189217|0.0|0.0|0.450553822132809|0.0|0.0|0.0158788654692725|0.0|food/267/1.jpg|food/267/2.jpg|food/267/3.jpg
고추조림|채소류조림|100.0|111.0|75.8|3.3|4.9|13.4|7.1|4.0|45.91|0.93|30.15|69.27|290.95|779.1|0.45|0.09|0.0|0.0|0.12|0.03|0.28|6.07|0.0|0.0|127.07|7.09|0.0|0.0|0.7|0.0|0.0|0.0|0.0|food/268/1.jpg|food/268/2.jpg|food/268/3.jpg
연근조림|채소류조림|50.0|87.19|30.13|1.34|2.55|14.71|1.39|1.3|16.62|770.0|9.78|27.45|129.02|330.58|0.23|0.02|0.0|0.0|0.0|0.05|0.0|2.65|997.02|0.0|49.58|0.0|0.0|0.0|0.32|0.0|0.0|0.01|0.0|food/269/1.jpg|food/269/2.jpg|food/269/3.jpg
우엉조림|채소류조림|30.0|56.54|15.9|1.44|1.0|10.44|8.53|1.73|22.53|340.0|19.86|44.2|116.51|352.17|0.19|0.04|0.0|0.0|0.0|0.03|0.0|1.29|1128.54|0.0|49.01|0.0|0.0|0.0|0.16|0.0|0.0|0.02|0.0|food/270/1.jpg|food/270/2.jpg|food/270/3.jpg
알감자조림|채소류조림|50.0|56.79|37.04|1.2|1.76|9.05|3.84|0.91|8.76|230.0|11.75|28.01|200.68|243.52|0.15|0.04|0.0|0.0|0.0|0.02|0.0|0.35|989.99|0.0|43.41|0.0|0.0|0.0|0.21|0.0|0.0|0.01|0.0|food/384/1.jpg|food/384/2.jpg|food/384/3.jpg
두부간장조림|기타 조림류|50.0|71.55|37.48|4.82|4.83|2.2|1.82|0.4|26.71|740.0|42.06|75.72|93.36|80.66|0.58|0.1|0.0|0.0|0.48|0.03|0.0|0.32|4676.28|0.0|253.44|0.0|0.0|0.0|0.68|0.0|0.0|0.01|0.0|food/385/1.jpg|food/385/2.jpg|food/385/3.jpg
콩조림|기타 조림류|30.0|84.27|10.6|5.39|2.32|10.45|1.06|4.68|27.2|1000.0|26.65|75.29|180.65|260.31|0.65|0.13|0.0|0.0|0.0|0.03|0.0|1.1|5027.62|0.0|270.97|0.0|0.0|0.0|0.2|0.0|0.0|0.0|0.0|food/26/1.jpg|food/26/2.jpg|food/26/3.jpg
두부고추장조림|기타 조림류|50.0|71.55|37.48|4.82|4.83|2.2|1.82|0.4|26.71|740.0|42.06|75.72|93.36|80.66|0.58|0.1|0.0|0.0|0.48|0.03|0.0|0.32|4676.28|0.0|253.44|0.0|0.0|0.0|0.68|0.0|0.0|0.01|0.0|food/386/1.jpg|food/386/2.jpg|food/386/3.jpg
땅콩조림|기타 조림류|20.0|96.52|4.33|3.75|7.28|3.99|1.97|2.05|17.53|320.0|34.27|67.89|103.59|114.74|0.39|0.1|0.0|0.0|0.0|0.02|0.0|0.4|3281.55|0.0|184.26|0.0|0.0|0.0|1.16|0.0|0.0|0.01|0.0|food/271/1.jpg|food/271/2.jpg|food/271/3.jpg
미꾸라지튀김|어패류튀김|100.0|387.4866589887|32.0959665461991|10.8867777777778|25.3910783688069|28.8549606395816|0.303504430732214|3.45657399780041|536.580444404997|1.33994912182302|29.5|437.922370936474|173.345605544964|324.467191223208|1.35|0.09|0.0|0.0|0.0142955278603919|0.262083232814266|0.0|0.0|0.0|0.0|449.33|50.1459677165095|0.0|0.0|3.89216943993622|0.0|0.0|0.15216711743861|0.0|food/272/1.png|food/272/2.jpg|food/272/3.jpg
새우튀김|어패류튀김|150.0|430.34|68.95|25.52|23.84|28.44|0.13|3.14|319.34|1520.0|50.95|343.79|301.44|728.56|1.99|0.44|0.0|0.0|0.0|0.07|1.8|5.85|22972.07|0.0|1076.88|160.8|0.0|0.0|4.08|0.0|0.0|0.25|0.0|food/27/1.jpg|food/27/2.jpg|food/27/3.jpg
생선가스|어패류튀김|200.0|653.440718620629|85.1060558406997|24.3343621677482|41.0958497371898|46.5601555787321|1.95804036213681|3.84098022685|46.6360358763928|0.965913830658997|46.96|339.938678252372|328.001433389821|788.622893785792|1.03|0.26|0.0|0.0|0.087206956844272|0.173926020708188|0.0|0.0|0.0|0.0|1036.08|72.7230979400076|0.0|0.0|7.96264821509739|0.0|0.0|0.247918535621966|0.0|food/387/1.jpg|food/387/2.jpg|food/387/3.gif
쥐포튀김|어패류튀김|100.0|356.912191544693|29.25878|9.61660782769514|16.4931666666667|42.501815058478|7.96249367676188|1.38207155648533|81.3926032147926|0.653993331032956|18.9|156.810589348428|77.040540104984|717.024532915882|0.5|0.05|0.0|0.0|0.0446965355693774|0.0714321558570661|0.0|0.0|0.0|0.0|390.07|28.701509909776|0.0|0.0|2.28748331530417|0.0|0.0|0.103092438948986|0.0|food/273/1.jpg|food/273/2.jpg|food/273/3.jpg
오징어튀김|어패류튀김|150.0|505.71|62.77|18.56|32.99|33.65|0.5|3.4|27.59|470.0|37.94|290.24|217.63|504.99|1.76|0.27|0.0|0.0|0.0|0.18|2.4|6.54|14689.51|0.0|659.36|141.18|0.0|0.0|5.14|0.0|0.0|0.31|0.0|food/274/1.jpg|food/274/2.jpg|food/274/3.jpg
닭강정|육류튀김|200.0|450.09|106.82|23.68|19.47|45.04|7.95|1.35|93.98|1250.0|48.81|269.92|550.62|1304.86|0.91|0.13|0.0|0.0|0.0|0.41|0.42|0.23|20379.06|0.0|885.15|77.85|0.0|0.0|3.18|0.0|0.0|0.11|0.0|food/28/1.jpg|food/28/2.jpg|food/28/3.png
닭튀김|육류튀김|300.0|903.0|130.9|65.2|49.7|48.8|1.5|4.5|39.8|2.18|90.49|748.08|947.2|1244.48|3.46|0.13|0.0|0.0|0.38|0.58|0.68|16.88|0.0|0.0|2466.01|177.93|0.0|0.0|13.0|0.0|0.0|0.4|0.0|food/275/1.jpg|food/275/2.jpg|food/275/3.jpg
돈가스|육류튀김|200.0|463.93|113.49|33.75|26.52|22.57|8.98|2.24|36.0|1120.0|47.93|335.52|748.3|814.8|2.38|0.16|0.0|0.0|1.08|0.43|0.57|5.94|29583.19|0.0|1234.0|99.49|0.0|0.0|4.88|0.0|0.0|0.16|0.0|food/59/1.jpg|food/59/2.jpg|food/59/3.png
모래집튀김|육류튀김|150.0|468.37|64.4|28.1|26.6|29.1|1.8|2.0|35.66|2.66|33.09|306.08|404.04|322.44|4.2|0.12|0.0|0.0|0.04|0.25|0.0|0.45|0.0|0.0|1036.10495054666|251.91|0.0|0.0|4.1|0.0|0.0|0.2|0.0|food/276/1.jpg|food/276/2.jpg|food/276/3.jpg
양념치킨|치킨류|200.0|552.0|92.1|35.5|26.8|42.3|12.5|2.1|33.57|1.47|51.32|380.94|495.73|805.49|2.23|0.09|0.0|0.0|0.26|0.31|0.31|0.2|0.0|0.0|1669.8|137.79|0.0|0.0|5.4|0.0|0.0|0.2|0.0|food/29/1.jpg|food/29/2.jpg|food/29/3.jpg
치즈돈가스|육류튀김|250.0|755.368994938514|115.096867302108|42.019910452444|46.692583447556|41.7640255251835|3.57011293818679|3.25929271399134|421.037767390283|1.30341401168768|58.13|612.713907512787|521.290897733743|870.769104404296|4.1|0.31|0.0|0.0|0.684135322471262|0.410188285295391|0.0|0.165822743022924|0.0|0.0|1817.6|98.8075737671789|0.0|0.0|13.5935794780067|0.0|0.0|0.442805459137852|0.0|food/277/1.jpg|food/277/2.jpg|food/277/3.jpg
치킨가스|치킨류|200.0|592.997535749762|90.9387063674234|27.912837096295|33.9180686308889|44.0208924216455|4.15377214315337|3.86121081090521|156.961722145269|1.1526276141115|43.88|387.775803507196|394.407358439264|779.271354096778|1.59|0.18|0.0|0.0|0.181327783822225|0.232889369446176|0.0|0.0|0.0|0.0|1203.9|72.9698339563281|0.0|0.0|8.4170107007006|0.0|0.0|0.269827177234224|0.0|food/388/1.jpg|food/388/2.jpg|food/388/3.jpg
탕수육|육류튀김|200.0|358.97|127.79|27.21|16.75|24.84|19.08|2.89|29.01|1120.0|38.97|266.83|544.51|814.66|1.79|0.04|0.0|0.0|0.0|0.22|0.57|8.77|22806.61|0.0|1015.16|91.11|0.0|0.0|3.19|0.0|0.0|0.09|0.0|food/361/1.jpg|food/361/2.jpg|food/361/3.jpg
깐풍기|육류튀김|150.0|344.54|83.65|18.89|17.7|27.42|4.6|0.95|57.52|1750.0|30.83|204.83|322.46|615.56|1.43|0.03|0.0|0.0|0.0|0.07|0.0|6.03|15598.61|0.0|662.46|88.18|0.0|0.0|2.88|0.0|0.0|0.16|0.0|food/278/1.jpg|food/278/2.jpg|food/278/3.jpg
감자튀김|채소류튀김|150.0|467.75|61.79|6.82|25.51|52.72|0.55|5.91|19.54|1550.0|60.91|184.98|985.33|117.11|0.88|0.19|0.0|0.0|0.0|0.26|0.0|1.79|4743.43|0.0|236.44|0.0|0.0|0.0|4.93|0.0|0.0|0.1|0.0|food/60/1.jpg|food/60/2.jpg|food/60/3.jpg
고구마맛탕|채소류튀김|200.0|491.0|88.7|3.3|11.0|94.6|38.7|9.0|66.97|1.23|61.87|152.37|927.91|76.93|0.59|0.32|0.0|0.0|0.19|0.09|0.0|1.92|0.0|0.0|168.13|0.0|0.0|0.0|1.9|0.0|0.0|0.0|0.0|food/279/1.jpg|food/279/2.jpg|food/279/3.png
고구마튀김|채소류튀김|100.0|252.96407541807|50.47096|2.72297352587812|11.87386|33.8018603286395|7.71528318749753|2.0455522240292|24.9044059420518|0.55993050652407|19.69|83.2050101018049|328.461516838447|148.410251160378|0.24|0.09|0.0|0.0|0.0935755464950204|0.100713418195218|0.0|0.0|0.0|0.0|124.25|20.8354950132296|0.0|0.0|1.73912649029724|0.0|0.0|0.0525428770711821|0.0|food/280/1.png|food/280/2.jpg|food/280/3.jpg
고추튀김|채소류튀김|100.0|202.0|64.1|7.6|12.6|14.6|2.3|2.2|42.84|0.86|20.88|106.55|196.54|249.15|0.77|0.09|0.0|0.0|0.34|0.15|0.19|3.28|0.0|0.0|339.6|35.91|0.0|0.0|2.7|0.0|0.0|0.1|0.0|food/281/1.jpg|food/281/2.jpg|food/281/3.jpg
김말이튀김|기타 튀김류|150.0|384.91|81.88|2.97|23.78|39.75|1.22|3.25|46.94|1680.0|18.31|74.03|142.82|481.95|0.2|0.08|0.0|0.0|0.15|0.3|2.27|5.83|2585.51|0.0|112.21|0.0|0.0|0.0|3.2|0.0|0.0|0.12|0.0|food/61/1.jpg|food/61/2.jpg|food/61/3.jpg
채소튀김|채소류튀김|100.0|404.63|31.32|3.25|27.14|36.83|6.37|3.02|27.73|1350.0|27.09|116.78|305.04|277.85|0.33|0.15|0.0|0.0|0.15|0.18|0.0|5.65|2925.86|0.0|142.88|0.0|0.0|0.0|4.29|0.0|0.0|0.24|0.0|food/282/1.jpg|food/282/2.jpg|food/282/3.jpg
노각무침|나물.채소류무침|150.0|84.0|128.4|2.6|1.8|14.3|7.1|4.0|39.82|0.91|43.98|70.75|394.97|817.37|0.48|0.09|0.0|0.0|0.13|0.06|0.06|3.56|0.0|0.0|68.36|0.0|0.0|0.0|0.2|0.0|0.0|0.0|0.0|food/283/1.jpg|food/283/2.jpg|food/283/3.jpg
단무지무침|나물.채소류무침|50.0|20.0|44.8|0.5|0.8|2.8|0.7|1.6|15.18|0.22|4.98|11.23|53.44|428.92|0.1|0.02|0.0|0.0|0.02|0.01|0.01|0.26|0.0|0.0|13.18|0.0|0.0|0.0|0.1|0.0|0.0|0.0|0.0|food/284/1.jpg|food/284/2.jpg|food/284/3.jpg
달래나물무침|나물.채소류무침|150.0|136.0|116.0|4.0|2.8|23.8|11.2|6.4|85.26|1.66|53.3|90.36|473.08|867.04|0.72|0.13|0.0|0.0|0.17|0.14|0.14|4.77|0.0|0.0|139.22|0.0|0.0|0.0|0.3|0.0|0.0|0.0|0.0|food/285/1.jpg|food/285/2.jpg|food/285/3.jpg
더덕무침|나물.채소류무침|150.0|216.0|95.4|4.3|2.8|43.4|20.2|7.1|59.69|2.12|53.54|125.59|396.35|1246.58|0.74|0.18|0.0|0.0|0.28|0.11|0.0|2.21|0.0|0.0|109.43|0.17|0.0|0.0|0.4|0.0|0.0|0.0|0.0|food/286/1.jpg|food/286/2.jpg|food/286/3.jpg
도라시생채|나물.채소류무침|160.0|123.97|128.23|3.3|0.82|25.84|8.4|7.33|55.39|670.0|41.29|77.17|258.9|452.91|0.45|0.17|0.0|0.0|0.0|0.08|0.0|1.06|2292.26|0.0|60.82|0.0|0.0|0.0|0.21|0.0|0.0|0.0|0.0|food/389/1.jpg|food/389/2.jpg|food/389/3.jpg
도토리묵|기타|100.0|45.5975795156244|88.5652682159294|0.292489444444444|0.324306224985855|10.3771210707477|0.432790868392365|0.942468868234058|12.6666486927706|0.461251605815632|4.25|6.46264779555819|33.5877718093271|124.14693741969|0.07|0.03|0.0|0.0|0.0041333473809333|0.0209855790160728|0.0|0.0|0.0|0.0|12.58|0.0|0.0|0.0|0.0274111134756316|0.0|0.0|0.0|0.0|food/362/1.jpg|food/362/2.jpg|food/362/3.png
마늘쫑무침|나물.채소류무침|30.0|31.92|23.42|0.82|1.48|3.83|2.24|1.78|13.23|180.0|6.96|17.11|72.39|93.82|0.13|0.03|0.0|0.0|0.6|0.03|0.0|1.39|645.98|0.0|31.29|0.0|0.0|0.0|0.19|0.0|0.0|0.01|0.0|food/287/1.jpg|food/287/2.jpg|food/287/3.jpg
무생채|나물.채소류무침|150.0|73.54|128.84|3.64|1.67|10.99|2.67|7.34|153.45|790.0|78.2|85.51|389.07|1232.22|0.62|0.16|0.0|0.0|0.12|0.06|0.12|0.83|3125.23|0.0|110.77|12.13|0.0|0.0|0.24|0.0|0.0|0.03|0.0|food/30/1.jpg|food/30/2.jpg|food/30/3.jpg
부추무침|나물.채소류무침|100.0|92.3|81.46|3.5|5.92|6.25|3.06|5.58|67.73|740.0|39.31|59.8|491.62|666.27|0.58|0.18|0.0|0.0|0.0|0.13|0.0|0.57|2506.56|0.0|127.27|14.73|0.0|0.0|0.79|0.0|0.0|0.02|0.0|food/31/1.jpg|food/31/2.jpg|food/31/3.jpg
오이생채|나물.채소류무침|50.0|34.53|42.37|0.89|1.45|4.48|4.02|0.84|15.44|230.0|11.31|26.09|127.2|236.93|0.17|0.04|0.0|0.0|0.01|0.03|0.0|0.29|737.86|0.0|35.2|0.0|0.0|0.0|0.07|0.0|0.0|0.0|0.0|food/32/1.jpg|food/32/2.jpg|food/32/3.jpg
파무침|나물.채소류무침|150.0|105.95|126.15|3.38|4.22|13.62|12.03|5.28|70.22|860.0|42.25|69.19|383.24|635.69|0.43|0.1|0.0|0.0|0.0|0.12|0.0|0.79|2638.91|0.0|115.68|9.38|0.0|0.0|0.46|0.0|0.0|0.01|0.0|food/288/1.jpg|food/288/2.jpg|food/288/3.jpg
상추겉절이|나물.채소류무침|100.0|61.14|87.1|2.36|3.41|5.26|2.98|3.39|67.59|660.0|40.5|55.48|448.67|431.14|0.31|0.11|0.0|0.0|0.0|0.12|0.0|0.13|1700.78|0.0|94.61|5.8|0.0|0.0|0.38|0.0|0.0|0.02|0.0|food/289/1.jpg|food/289/2.jpg|food/289/3.jpg
쑥갓나물무침|나물.채소류무침|150.0|96.0|130.3|4.5|5.7|6.6|0.3|5.8|156.07|1.32|48.81|87.91|384.37|709.99|0.67|0.2|0.0|0.0|0.09|0.12|0.0|0.49|0.0|0.0|189.38|0.05|0.0|0.0|0.7|0.0|0.0|0.0|0.0|food/290/1.jpg|food/290/2.jpg|food/290/3.jpg
청포묵무침|기타 생채.무침류|250.0|149.0|217.1|2.9|5.2|22.7|1.8|4.0|33.12|0.61|18.48|49.15|126.15|724.02|0.36|0.05|0.0|0.0|0.05|0.05|0.05|2.73|0.0|0.0|99.03|0.0|0.0|0.0|0.8|0.0|0.0|0.0|0.0|food/291/1.jpg|food/291/2.jpg|food/291/3.jpg
해파리냉채|어패류무침|150.0|91.0|127.1|6.2|1.4|13.4|11.4|2.1|44.36|0.84|16.8|74.66|113.4|508.77|0.44|0.11|0.0|0.0|0.1|0.04|0.34|0.09|0.0|0.0|178.5|40.33|0.0|0.0|0.3|0.0|0.0|0.0|0.0|food/292/1.jpg|food/292/2.jpg|food/292/3.jpg
가지나물|나물.숙채류|50.0|17.95|45.89|0.71|0.75|2.09|1.17|1.33|11.6|120.0|8.39|22.54|111.17|137.08|0.1|0.02|0.0|0.0|0.0|0.03|0.0|0.4|505.55|0.0|24.67|0.0|0.0|0.0|0.11|0.0|0.0|0.0|0.0|food/293/1.jpg|food/293/2.jpg|food/293/3.jpg
고사리나물|나물.숙채류|50.0|44.97|41.46|1.89|2.76|3.14|0.25|2.82|34.83|580.0|17.93|31.65|45.14|220.71|0.38|0.11|0.0|0.0|0.0|0.03|0.0|0.0|1585.17|0.0|87.64|0.0|0.0|0.0|0.35|0.0|0.0|0.01|0.0|food/294/1.jpg|food/294/2.jpg|food/294/3.jpg
도라지나물|나물.숙채류|50.0|65.04|37.7|1.24|3.76|6.56|0.45|2.44|23.76|220.0|19.43|26.54|67.55|205.51|0.15|0.06|0.0|0.0|0.0|0.02|0.0|0.0|807.78|0.0|22.37|0.0|0.0|0.0|0.5|0.0|0.0|0.02|0.0|food/295/1.jpg|food/295/2.jpg|food/295/3.jpg
무나물|나물.숙채류|50.0|10.56|46.97|0.31|0.23|1.82|1.65|0.82|12.32|30.0|4.75|5.44|94.17|176.09|0.09|0.0|0.0|0.0|0.07|0.01|0.0|0.12|248.93|0.0|7.89|0.0|0.0|0.0|0.02|0.0|0.0|0.0|0.0|food/62/1.jpg|food/62/2.jpg|food/62/3.jpg
미나리나물|나물.숙채류|50.0|29.5335046752114|44.15618|1.01649510669399|1.8334|2.24173106210887|0.0|1.76569621091683|38.8410076405582|0.280429100670775|11.96|27.4493393424026|119.159670319174|150.329509620491|0.14|0.03|0.0|0.0|0.0|0.034765454262707|0.0|0.0|0.0|0.0|39.88|0.0|0.0|0.0|0.251852665753917|0.0|0.0|0.0105383444030714|0.0|food/296/1.jpg|food/296/2.jpg|food/296/3.jpg
숙주나물|나물.숙채류|50.0|17.5|45.97|1.11|0.79|1.48|0.79|0.84|7.49|180.0|8.36|17.79|39.77|201.52|0.08|0.09|0.0|0.0|0.01|0.03|0.0|0.53|892.0|0.0|60.11|0.0|0.0|0.0|0.06|0.0|0.0|0.0|0.0|food/297/1.jpg|food/297/2.jpg|food/297/3.jpg
시금치나물|나물.숙채류|50.0|34.28|43.12|1.87|2.23|1.68|0.05|0.99|43.06|640.0|33.3|29.17|313.49|68.12|0.43|0.08|0.0|0.0|0.0|0.1|0.0|0.13|1159.97|0.0|76.44|0.0|0.0|0.0|0.2|0.0|0.0|0.06|0.0|food/298/1.jpg|food/298/2.jpg|food/298/3.jpg
취나물|나물.숙채류|50.0|74.1003109553285|38.1687046197489|1.3746424560866|6.15300627786482|3.30617115754968|0.0|3.25776998583483|74.6231461154529|0.566110625481749|13.84|21.5985023367864|63.5914501735404|281.85737185372|0.26|0.06|0.0|0.0|0.0|0.0277026305425507|0.0|0.315373155637011|0.0|0.0|74.75|0.0|0.0|0.0|0.841790688477765|0.0|0.0|0.0256642465789127|0.0|food/33/1.jpg|food/33/2.jpg|food/33/3.jpg
콩나물|나물.숙채류|50.0|25.3440210712589|45.01772|1.68004409516765|1.6497625|0.943995547647077|0.0203169419837232|1.52691808771543|18.4970196488024|0.280662364764466|10.96|27.7643840552635|40.5717541359957|213.949570715107|0.15|0.03|0.0|0.0|0.0|0.0286361535100966|0.0|0.0|0.0|0.0|77.79|0.0|0.0|0.0|0.222103415910462|0.0|0.0|0.0085517754426829|0.0|food/363/1.jpg|food/363/2.jpg|food/363/3.jpg
고구마줄기나물|나물.숙채류|50.0|41.64|43.25|0.49|3.5|2.05|0.0|1.56|55.41|150.0|7.74|14.32|60.93|89.63|0.07|0.02|0.0|0.0|0.0|0.03|0.0|0.08|344.79|0.0|17.22|0.0|0.0|0.0|0.58|0.0|0.0|0.08|0.0|food/299/1.jpg|food/299/2.jpg|food/299/3.jpg
우거지나물무침|나물.채소류무침|150.0|129.0|125.4|4.5|8.5|8.7|1.5|8.7|195.53|2.58|39.63|86.54|191.41|772.52|0.85|0.13|0.0|0.0|0.25|0.06|0.04|0.85|0.0|0.0|203.0|1.31|0.0|0.0|1.0|0.0|0.0|0.1|0.0|food/300/1.jpg|food/300/2.jpg|food/300/3.jpg
골뱅이무침|어패류무침|100.0|108.791624777192|73.4365615361106|7.08088386671174|1.96641573380887|15.6925869265162|10.4647929485979|3.6947|38.064344488266|6.90281744788082|0.0|72.3368447576749|224.396794679142|525.515858092721|0.0|0.0|0.0|0.0|0.1031918983596|0.154672633177729|0.0|0.0|0.0|0.0|0.0|38.353302172347|0.0|0.0|0.25556426155627|0.0|0.0|0.0162195581708337|0.0|food/301/1.jpg|food/301/2.jpg|food/301/3.jpg
김무침|어패류무침|30.0|77.57|12.49|6.35|3.22|5.8|1.72|5.24|72.32|1510.0|60.18|113.91|385.96|303.3|0.61|0.09|0.0|0.0|0.0|0.42|13.88|3.4|5321.04|0.0|221.24|0.0|0.0|0.0|0.46|0.0|0.0|0.02|0.0|food/302/1.jpg|food/302/2.jpg|food/302/3.jpg
미역초무침|어패류무침|50.0|17.49|45.4|0.59|0.51|2.62|0.65|1.97|39.28|160.0|26.17|12.59|84.96|225.9|0.12|0.04|0.0|0.0|0.0|0.04|0.17|0.0|441.94|0.0|27.43|0.0|0.0|0.0|0.08|0.0|0.0|0.0|0.0|food/303/1.jpg|food/303/2.jpg|food/303/3.jpg
북어채무침|어패류무침|150.0|282.02|79.48|42.6|4.37|18.07|8.38|6.65|216.44|1550.0|95.7|535.39|977.84|1133.9|1.46|0.15|0.0|0.0|0.0|0.49|3.23|0.36|36174.47|0.0|1580.84|166.12|0.0|0.0|0.76|0.0|0.0|0.03|0.0|food/304/1.jpg|food/304/2.jpg|food/304/3.jpg
회무침|어패류무침|250.0|203.95|200.44|20.22|4.12|21.5|11.33|6.47|159.58|2170.0|82.48|309.47|870.55|686.98|1.69|0.29|0.0|0.0|0.43|0.3|1.03|2.09|21506.68|0.0|981.21|65.99|0.0|0.0|1.31|0.0|0.0|0.07|0.0|food/34/1.jpg|food/34/2.jpg|food/34/3.jpg
쥐치채|어패류무침|20.0|55.9173430986597|5.3233720855312|2.75424111111111|0.146897770137122|10.8945746807453|4.55329807534235|0.554279247444663|40.6725976808038|0.24820976498106|5.59|47.3795467202206|24.3188494403573|296.342600608988|0.12|0.02|0.0|0.0|0.004247475897874|0.0066823620802376|0.0|0.0|0.0|0.0|102.55|8.57367944621073|0.0|0.0|0.186427621135352|0.0|0.0|0.0060249863843446|0.0|food/305/1.jpg|food/305/2.jpg|food/305/3.jpg
파래무침|어패류무침|30.0|14.83|25.92|1.06|0.51|1.49|0.52|1.05|14.9|6590.0|22.23|19.05|152.7|220.77|0.13|0.06|0.0|0.0|0.0|0.04|2.07|3.72|977.2|0.0|47.41|0.65|0.0|0.0|0.06|0.0|0.0|0.01|0.0|food/306/1.jpg|food/306/2.jpg|food/306/3.jpg
홍어무침|어패류무침|200.0|198.936623651318|149.606616613135|17.8537444444444|2.63410467007269|25.9536759607214|14.4628569657645|6.72102444111912|299.414132036572|1.82299976644651|58.08|282.740787078863|552.691951998093|802.038722478419|0.84|0.2|0.0|0.0|0.147031322268595|0.15479831148003|0.0|4.30849305216976|0.0|0.0|498.36|57.0256505548045|0.0|0.0|0.362759987394667|0.0|0.0|0.0019522419389825|0.0|food/307/1.jpg|food/307/2.jpg|food/307/3.jpg
잡채|기타 볶음류|200.0|291.15|132.57|9.41|6.6|48.52|1.45|7.35|72.16|3300.0|36.88|121.33|401.84|719.68|1.53|0.07|0.0|0.0|2.03|0.1|0.17|0.0|8424.55|0.0|349.46|45.31|0.0|0.0|1.09|0.0|0.0|0.14|0.0|food/364/1.jpg|food/364/2.jpg|food/364/3.jpg
탕평채|기타 생채.무침류|100.0|97.4964099762612|79.5563730240597|3.55201599116162|3.80706051740525|12.2562003387419|0.394936950828883|2.66700988223235|19.4899846625767|0.646169454567607|7.62|46.7899574494588|72.2248833752671|260.396322722001|0.65|0.01|0.0|0.0|0.0402115072777131|0.0384266033290437|0.0|6.64797541339924|0.0|0.0|149.3|47.2443327305149|0.0|0.0|0.73380006490103|0.0|0.0|0.0264327197365003|0.0|food/308/1.jpg|food/308/2.jpg|food/308/3.jpg
갓김치|김치|40.0|16.53|35.64|1.03|0.54|1.88|0.47|1.48|41.61|790.0|14.51|24.17|189.68|175.22|0.21|0.06|0.0|0.0|0.05|0.05|0.0|0.0|679.06|0.0|38.17|0.02|0.0|0.0|0.03|0.0|0.0|0.0|0.0|food/309/1.jpg|food/309/2.jpg|food/309/3.jpg
고들빼기|김치|50.0|55.5253602244739|34.7748664262934|1.57974166666667|0.607951430806302|10.9337076701376|2.84449108111474|2.85238675217711|25.6431756783562|1.91275353537325|17.01|24.8510939551608|125.555152344867|742.428569105518|0.22|0.08|0.0|0.0|0.0435175334363376|0.0643783460499059|0.0|0.0|0.0|0.0|60.85|2.97700589398564|0.0|0.0|0.0724076886016536|0.0|0.0|0.0001517332496126|0.0|food/35/1.jpg|food/35/2.jpg|food/35/3.jpg
깍두기|김치|50.0|16.4|45.26|0.78|0.53|2.12|1.27|1.07|22.7|140.0|15.41|17.79|141.35|403.75|0.08|0.03|0.0|0.0|0.05|0.03|0.0|0.27|558.86|0.0|21.96|1.53|0.0|0.0|0.02|0.0|0.0|0.0|0.0|food/365/1.jpg|food/365/2.jpg|food/365/3.jpg
깻잎김치|김치|50.0|31.15|41.65|1.41|0.86|4.46|2.02|1.78|36.02|340.0|23.33|27.28|192.13|462.03|0.25|0.07|0.0|0.0|0.04|0.07|0.0|1.42|1165.05|0.0|59.32|0.0|0.0|0.0|0.04|0.0|0.0|0.0|0.0|food/310/1.jpg|food/310/2.jpg|food/310/3.jpg
나박김치|김치|100.0|9.82|96.79|0.46|0.38|1.15|0.34|0.81|7.87|200.0|6.56|9.69|88.51|377.45|0.26|0.01|0.0|0.0|0.14|0.02|0.0|2.14|269.83|0.0|22.69|0.0|0.0|0.0|0.02|0.0|0.0|0.0|0.0|food/311/1.jpg|food/311/2.jpg|food/311/3.jpg
동치미|김치|200.0|27.21|191.83|0.58|0.74|4.55|2.9|2.08|14.41|860.0|29.19|24.47|173.1|823.74|0.03|0.04|0.0|0.0|0.0|0.03|0.0|2.43|430.1|0.0|12.97|0.0|0.0|0.0|0.02|0.0|0.0|0.0|0.0|food/312/1.jpg|food/312/2.jpg|food/312/3.jpg
배추겉절이|나물.채소류무침|50.0|27.32|43.82|1.14|1.07|3.29|0.65|1.77|27.55|230.0|9.1|28.1|145.44|163.82|0.21|0.04|0.0|0.0|0.13|0.04|0.03|0.22|965.44|0.0|36.9|1.45|0.0|0.0|0.21|0.0|0.0|0.03|0.0|food/313/1.jpg|food/313/2.jpg|food/313/3.jpg
배추김치|김치|40.0|10.66|37.12|0.68|0.31|1.27|0.95|0.85|16.0|190.0|7.71|18.12|103.97|123.03|0.18|0.01|0.0|0.0|0.15|0.02|0.02|1.08|439.11|0.0|21.29|0.4|0.0|0.0|0.02|0.0|0.0|0.0|0.0|food/36/1.jpg|food/36/2.jpg|food/36/3.jpg
백김치|김치|90.0|16.56|84.9|0.92|0.51|2.06|0.7|1.01|24.78|240.0|17.33|25.71|169.65|402.65|0.24|0.02|0.0|0.0|0.18|0.03|0.0|0.0|599.2|0.0|29.43|0.0|0.0|0.0|0.02|0.0|0.0|0.0|0.0|food/314/1.jpg|food/314/2.jpg|food/314/3.png
부추김치|김치|50.0|23.33|43.45|1.34|0.58|3.18|2.04|1.88|18.58|250.0|16.55|21.87|217.39|380.66|0.21|0.07|0.0|0.0|0.04|0.06|0.0|0.21|1015.13|0.0|51.3|0.0|0.0|0.0|0.05|0.0|0.0|0.0|0.0|food/315/1.jpg|food/315/2.jpg|food/315/3.jpg
열무김치|김치|40.0|10.71|36.96|0.72|0.49|0.86|0.17|0.88|45.27|40.0|14.72|24.12|193.35|194.47|0.1|0.02|0.0|0.0|0.6|0.04|0.0|1.42|520.74|0.0|31.74|0.0|0.0|0.0|0.02|0.0|0.0|0.0|0.0|food/37/1.jpg|food/37/2.jpg|food/37/3.jpg
열무얼갈이김치|김치|50.0|17.6841991785262|44.7719130866931|1.07406944444444|0.328267118264432|2.60837933409213|0.456277113585912|1.57431954641941|39.4205818918684|1.09382444984878|16.66|20.5995033325191|154.224485004648|339.903392883816|0.2|0.05|0.0|0.0|0.0701233546000889|0.0536338784305425|0.0|0.0|0.0|0.0|39.81|1.03379012747933|0.0|0.0|0.0418434083533016|0.0|0.0|0.0002018048453519|0.0|food/316/1.jpg|food/316/2.jpg|food/316/3.jpg
오이소박이|김치|100.0|32.38|90.83|1.73|0.86|4.43|3.4|1.94|23.21|480.0|21.11|42.48|266.78|541.03|0.41|0.03|0.0|0.0|0.97|0.05|0.0|0.0|1169.61|0.0|62.74|0.0|0.0|0.0|0.07|0.0|0.0|0.0|0.0|food/317/1.jpg|food/317/2.jpg|food/317/3.jpg
총각김치|김치|70.0|22.89|63.47|0.98|0.52|3.57|1.34|1.83|30.07|360.0|17.1|34.73|253.89|332.0|0.18|0.03|0.0|0.0|0.16|0.04|0.0|1.54|570.19|0.0|26.65|0.12|0.0|0.0|0.03|0.0|0.0|0.0|0.0|food/318/1.jpg|food/318/2.jpg|food/318/3.jpg
파김치|김치|30.0|13.32|26.51|0.77|0.58|1.26|0.45|1.22|14.73|180.0|10.11|16.91|134.89|259.16|0.14|0.02|0.0|0.0|0.0|0.04|0.0|0.74|463.21|0.0|21.07|0.05|0.0|0.0|0.03|0.0|0.0|0.0|0.0|food/319/1.jpg|food/319/2.jpg|food/319/3.jpg
간장게장|젓갈류|250.0|155.4|206.96|17.56|2.76|15.09|10.53|2.75|162.26|2370.0|107.45|244.96|575.42|2722.89|3.31|1.13|0.0|0.0|0.0|0.28|7.95|42.78|15054.66|0.0|673.34|122.28|0.0|0.0|0.39|0.0|0.0|0.01|0.0|food/320/1.jpg|food/320/2.jpg|food/320/3.jpg
마늘쫑장아찌|장아찌.절임류|50.0|30.0|40.8|1.0|0.5|5.4|3.9|1.6|15.49|0.35|12.5|17.5|78.93|813.64|0.14|0.03|0.0|0.0|0.07|0.02|0.0|0.75|0.0|0.0|37.38|0.0|0.0|0.0|0.0|0.0|0.0|0.0|0.0|food/63/1.jpg|food/63/2.jpg|food/63/3.jpg
고추장아찌|장아찌.절임류|60.0|49.62|44.31|1.19|1.24|8.44|0.44|2.29|13.55|310.0|16.73|18.76|128.48|1515.58|0.1|0.02|0.0|0.0|0.04|0.06|0.0|4.52|921.3|0.0|34.92|0.0|0.0|0.0|0.04|0.0|0.0|0.0|0.0|food/321/1.jpg|food/321/2.jpg|food/321/3.jpg
깻잎장아찌|장아찌.절임류|20.0|20.18|14.91|0.41|0.68|3.11|0.71|0.64|20.08|530.0|2.57|2.04|8.01|317.18|0.03|0.03|0.0|0.0|0.0|0.02|0.32|0.0|363.64|0.0|20.72|0.0|0.0|0.0|0.02|0.0|0.0|0.0|0.0|food/322/1.jpg|food/322/2.jpg|food/322/3.jpg
마늘장아찌|장아찌.절임류|230.0|147.23|199.16|6.15|11.58|4.61|11.86|5.57|70.86|1320.0|32.88|89.41|295.63|2811.42|0.3|0.07|0.0|0.0|0.09|0.01|0.0|21.9|5308.42|0.0|171.16|0.0|0.0|0.0|0.08|0.0|0.0|0.0|0.0|food/323/1.jpg|food/323/2.png|food/323/3.jpg
무장아찌|장아찌.절임류|30.0|23.922564998778|21.9918250940968|0.441212788639178|0.226849146044425|5.02901788245536|2.88472175971933|0.72883|8.52287024194064|2.15872294789775|0.0|7.12028829488077|55.5377269564902|879.805172470721|0.0|0.0|0.0|0.0|0.0364545702411346|0.0186550799628838|0.0|5.35401736519195|0.0|0.0|0.0|0.0387798614776622|0.0|0.0|0.0126530702342091|0.0|0.0|0.0|0.0|food/324/1.jpg|food/324/2.jpg|food/324/3.jpg
양념게장|젓갈류|200.0|193.49|146.11|20.45|1.21|25.21|17.53|9.41|530.62|2570.0|121.23|319.61|866.22|1608.01|3.25|0.42|0.0|0.0|0.0|0.3|3.41|44.09|17417.08|0.0|700.8|92.32|0.0|0.0|0.48|0.0|0.0|0.01|0.0|food/325/1.jpg|food/325/2.png|food/325/3.jpg
양파장아찌|장아찌.절임류|50.0|40.18|38.19|1.31|0.38|7.89|8.96|0.64|8.42|260.0|9.43|23.51|85.69|534.21|0.08|0.0|0.0|0.0|0.0|0.29|0.0|0.43|822.01|0.0|44.82|0.0|0.0|0.0|0.01|0.0|0.0|0.0|0.0|food/326/1.jpg|food/326/2.jpg|food/326/3.jpg
오이지|장아찌.절임류|50.0|10.34|45.05|0.37|0.36|1.42|0.0|1.25|11.2|150.0|42.96|12.27|81.54|1024.89|0.04|0.02|0.0|0.0|0.07|0.01|0.0|0.09|308.5|0.0|12.26|0.0|0.0|0.0|0.02|0.0|0.0|0.0|0.0|food/38/1.jpg|food/38/2.jpg|food/38/3.jpg
무피클|장아찌.절임류|130.0|22.1|124.04|0.68|0.39|3.97|2.27|1.97|22.19|180.0|8.21|14.47|121.69|245.3|0.14|0.0|0.0|0.0|0.0|0.0|0.0|0.0|1767.67|0.0|124.7|0.0|0.0|0.0|0.02|0.0|0.0|0.0|0.0|food/390/1.jpg|food/390/2.jpg|food/390/3.jpg
오이피클|채소류|100.0|91.0|71.6|0.38|0.12|25.07|22.69|2.1|51.0|250.0|2.0|5.0|36.0|1040.0|0.8|0.014|0.0|23.21|0.016|0.01|0.0|0.0|160.0|77.0|11.0|0.0|0.11|0.06|0.05|0.06|0.03|0.0|8.0|food/391/1.jpg|food/391/2.jpg|food/391/3.jpg
단무지|장아찌.절임류|30.0|3.77|28.67|0.1|0.06|0.72|0.14|0.4|3.29|30.0|0.65|3.4|14.68|165.55|0.03|0.01|0.0|0.0|0.0|0.0|0.0|0.94|53.26|0.0|2.8|0.0|0.0|0.0|0.01|0.0|0.0|0.0|0.0|food/39/1.png|food/39/2.jpg|food/39/3.jpg
오징어젓갈|젓갈|100.0|102.0|0.0|13.2|0.3|11.7|0.0|0.0|0.0|0.0|0.0|0.0|0.0|3793.0|0.0|0.0|0.0|0.0|0.0|0.0|0.0|0.0|0.0|0.0|0.0|0.0|0.0|0.0|0.0|0.0|0.0|0.0|0.0|food/392/1.jpg|food/392/2.jpg|food/392/3.jpg
명란젓|어패류 및 기타 수산물|100.0|135.0|63.1|22.38|3.01|4.52|2.13|0.0|45.0|720.0|37.0|263.0|182.0|2232.0|2.48|0.067|1.84|0.0|0.563|0.287|10.37|68.26|17169.0|8312.0|764.0|245.58|2.0|0.09|0.53|0.96|0.86|0.03|25.0|food/393/1.jpg|food/393/2.jpg|food/393/3.jpg
물회|회류|700.0|529.36|583.5|34.4|18.9|55.3|20.0|15.1|212.11|1.88|119.79|463.43|1119.8|2095.9|2.17|0.23|0.0|0.0|0.42|0.22|0.0|3.04|0.0|0.0|1336.78567240548|120.26|0.0|0.0|2.8|0.0|0.0|0.1|0.0|food/40/1.jpg|food/40/2.jpg|food/40/3.jpg
생선물회|회류|800.0|577.97|660.9|34.3|12.3|82.5|52.0|11.2|185.95|2.58|128.24|474.27|1212.76|2779.74|1.8|0.42|0.0|0.0|0.16|0.2|4.31|16.04|0.0|0.0|1276.1830099831|101.88|0.0|0.0|2.0|0.0|0.0|0.0|0.0|food/327/1.jpg|food/327/2.jpg|food/327/3.jpg
오징어물회|어패류무침|700.0|339.79|616.22|43.3|8.37|22.81|14.72|10.76|48.82|850.0|131.12|684.59|1030.46|2551.48|4.07|0.76|0.0|0.0|0.44|0.2|8.4|48.24|43165.47|0.0|1656.21|478.01|0.0|0.0|1.3|0.0|0.0|0.0|0.0|food/328/1.jpg|food/328/2.jpg|food/328/3.jpg
광어회|어패류 및 기타 수산물|100.0|125.0|74.5|22.36|3.28|0.0|0.0|0.0|61.0|450.0|30.0|274.0|465.0|49.0|0.52|0.05|4.32|0.0|0.09|0.12|1.06|0.0|18638.0|9254.0|860.0|41.46|1.6|0.07|0.45|0.78|0.69|0.03|10.0|food/394/1.jpg|food/394/2.jpg|food/394/3.jpg
훈제연어|어패류 및 기타 수산물|100.0|209.0|62.2|23.48|11.96|0.19|0.07|0.0|11.0|320.0|31.0|268.0|395.0|443.0|0.43|0.035|5.62|2.31|0.412|0.038|2.68|2.35|18574.0|9341.0|744.0|44.32|10.74|2.33|1.94|3.62|1.67|0.06|7.0|food/395/1.jpg|food/395/2.jpg|food/395/3.jpg
육회|회류|150.0|195.06|110.84|14.9|9.64|12.18|7.93|9.87|18.57|2060.0|33.84|163.75|353.97|627.01|3.48|0.27|0.0|0.0|0.0|0.16|0.42|4.76|13725.11|0.0|589.49|42.14|0.0|0.0|3.17|0.0|0.0|0.12|0.0|food/366/1.jpg|food/366/2.jpeg|food/366/3.jpg
육사시미|육류|100.0|171.0|68.4|20.6|9.2|0.0|0.0|0.0|48.0|0.0|0.0|189.0|325.0|48.0|0.0|0.0|0.0|0.0|0.05|0.36|0.0|0.0|0.0|0.0|0.0|0.0|0.0|0.0|0.0|0.0|0.0|0.0|0.0|food/396/1.png|food/396/2.jpg|food/396/3.jpg
가래떡|떡류|100.0|195.16|51.14|3.92|0.51|43.73|0.0|0.61|5.18|250.0|10.73|42.68|23.46|240.57|0.56|0.1|0.0|0.0|0.0|0.02|0.0|0.0|3913.5|0.0|219.07|0.0|0.0|0.0|0.19|0.0|0.0|0.0|0.0|food/329/1.jpg|food/329/2.jpg|food/329/3.jpg
경단|떡류|100.0|239.92|47.32|6.28|6.72|38.58|0.61|4.57|177.89|840.0|46.75|104.33|74.9|202.87|1.41|0.31|0.0|0.0|0.0|0.02|0.0|0.0|5791.97|0.0|310.01|0.0|0.0|0.0|0.99|0.0|0.0|0.0|0.0|food/64/1.jpg|food/64/2.jpg|food/64/3.jpg
꿀떡|떡류|100.0|228.48|44.17|3.74|1.73|49.48|0.29|0.8|15.35|360.0|22.61|51.73|38.85|275.08|0.62|0.09|0.0|0.0|0.01|0.01|0.0|0.0|3143.2|0.0|197.75|0.0|0.0|0.0|0.3|0.0|0.0|0.0|0.0|food/330/1.png|food/330/2.jpg|food/330/3.jpg
시루떡|떡류|100.0|217.480786234983|45.2071901428363|5.46557210799641|0.606769698352233|47.5393926294568|3.22189387938143|4.4|18.1408671420679|6.31255147102502|0.0|87.6546151309426|200.541232203398|277.907343791088|0.0|0.0|0.0|0.0|0.142913139372363|0.0783434636890974|0.0|0.0120666666666667|0.0|0.0|0.0|0.0|0.0|0.0|0.235505859231217|0.0|0.0|0.001959648838778|0.0|food/41/1.jpg|food/41/2.jpg|food/41/3.jpg
메밀전병|곡류 및 서류|100.0|167.826790038056|64.5692531989528|6.18496826725998|6.28945379609378|21.6204582010429|0.618981176845994|3.53476461695343|35.6360663724229|1.19042205918871|36.74|87.2877576007816|159.144049153778|345.804736997447|0.86|0.08|0.0|0.0|0.116751070881845|0.0338651823817266|0.0|1.71008497506133|0.0|0.0|251.33|8.04918953461525|0.0|0.0|1.18508208608717|0.0|0.0|0.0443133265383205|0.0|food/331/1.jpg|food/331/2.jpg|food/331/3.jpg
찰떡|떡류|100.0|218.16|47.44|6.78|2.44|42.27|2.98|3.77|19.38|750.0|36.22|91.0|191.12|187.83|1.01|0.17|0.0|0.0|0.0|0.17|0.0|1.85|6322.76|0.0|358.99|0.0|0.0|0.0|0.28|0.0|0.0|0.0|0.0|food/65/1.jpg|food/65/2.jpg|food/65/3.jpg
무지개떡|떡류|100.0|228.974242433922|42.351376494047|3.53024285879045|0.312297954444569|53.0106473521899|8.98514845148753|0.209141666666667|9.7108150460273|1.36228043098394|0.0|40.7725220756509|32.1746356024484|276.823290616746|0.0|0.0|0.0|0.0|0.0377999738950388|0.0361290714928604|0.0|0.0991080277502478|0.0|0.0|0.0|0.0|0.0|0.0|0.156553054603573|0.0|0.0|0.0|0.0|food/332/1.jpg|food/332/2.png|food/332/3.png
백설기|떡류|100.0|229.5|43.81|3.71|1.45|50.4|0.11|1.97|6.02|80.0|13.81|35.7|31.04|210.9|0.51|0.09|0.0|0.0|0.0|0.03|0.0|0.0|2995.98|0.0|177.63|0.0|0.0|0.0|0.12|0.0|0.0|0.0|0.0|food/333/1.jpg|food/333/2.jpg|food/333/3.jpg
송편|떡류|100.0|219.01|48.27|4.65|3.23|42.83|1.98|4.38|96.23|460.0|32.02|64.88|49.58|259.75|0.95|0.21|0.0|0.0|0.31|0.01|0.0|0.0|3472.16|0.0|213.7|0.0|0.0|0.0|0.62|0.0|0.0|0.0|0.0|food/66/1.png|food/66/2.jpg|food/66/3.jpg
수수부꾸미|곡류 및 서류|100.0|247.892362651787|44.5272502697901|5.72913020833333|6.28683638983846|42.098578577477|0.235366092678146|7.94975|17.2427560123898|1.30875204550194|45.03|111.362101094644|190.726450038563|261.001808959641|0.85|0.12|0.0|0.0|0.116467819087498|0.0317964718705491|0.0|0.0|0.0|0.0|265.66|0.0|0.0|0.0|0.970787929674454|0.0|0.0|0.0275277231391508|0.0|food/334/1.jpg|food/334/2.jpg|food/334/3.jpg
수수팥떡|떡류|100.0|204.241157304254|48.3393141306054|6.6963765625|0.591098758786856|43.0339405562931|2.81827954336546|8.63964223898382|21.0344276294099|1.69294590420601|47.31|117.313691932729|248.915658495276|241.926227542|0.84|0.16|0.0|0.0|0.0570082304401901|0.0187075161489606|0.0|0.0|0.0|0.0|345.87|0.0|0.0|0.0|0.164996727122633|0.0|0.0|0.0|0.0|food/335/1.jpg|food/335/2.jpg|food/335/3.jpg
쑥떡|떡류|100.0|248.634707858438|37.5077976388026|3.35926943832237|0.40444429719|57.8894078576096|10.7248380162142|2.4471|16.6725883586244|0.644020731423215|13.48|41.232600046069|75.2714314672296|254.319640277254|0.6|0.1|0.0|0.0|0.0083829146080648|0.0|0.0|0.0|0.0|0.0|174.16|0.0|0.0|0.0|0.19658708923774|0.0|0.0|0.0|0.0|food/42/1.jpg|food/42/2.jpg|food/42/3.jpg
약식|곡류 및 서류|100.0|219.87|47.2|4.21|2.45|45.24|13.24|2.63|13.38|330.0|20.84|43.44|85.4|221.18|0.82|0.15|0.0|0.0|0.0|0.01|0.0|0.0|3909.55|0.0|217.23|0.0|0.0|0.0|0.27|0.0|0.0|0.0|0.0|food/336/1.jpg|food/336/2.jpg|food/336/3.jpg
인절미|떡류|100.0|242.26|40.98|5.64|2.16|50.07|6.35|2.89|16.42|400.0|27.42|61.19|127.66|296.82|1.0|0.18|0.0|0.0|0.0|0.03|0.0|2.99|5186.31|0.0|283.47|0.0|0.0|0.0|0.24|0.0|0.0|0.0|0.0|food/43/1.jpg|food/43/2.jpg|food/43/3.jpg
절편|떡류|100.0|192.886446816212|51.3496513250447|3.642011601886|0.284968285241135|43.9384214603745|0.069711622196934|0.434991666666667|9.62370452497737|2.51877364305756|0.0|39.1115202922948|30.5801691552495|265.866927268917|0.0|0.0|0.0|0.0|0.0146065108153311|0.0045001381264697|0.0|0.641244794565819|0.0|0.0|0.0|0.03225|0.0|0.0|0.186507738274635|0.0|0.0|611111.111111|0.0|food/44/1.jpg|food/44/2.jpg|food/44/3.jpg
증편|떡류|100.0|200.1|50.66|3.17|1.2|44.15|3.19|1.03|9.63|100.0|7.87|38.08|21.7|283.95|0.58|0.12|0.0|0.0|0.0|0.05|0.0|0.0|2826.56|0.0|167.98|0.0|0.0|0.0|0.15|0.0|0.0|0.0|0.0|food/337/1.jpg|food/337/2.jpg|food/337/3.jpg
찹쌀떡|떡류|100.0|276.865815689548|29.832769353035|3.26453901590763|0.152520200607684|65.608744455112|17.5421048944928|1.41438333333333|12.0023872880363|3.63615053616474|0.0|40.9043125524702|52.5896199848817|225.609940284509|0.0|0.0|0.0|0.0|0.0296383339855259|0.0027211850305562|0.0|0.0|0.0|0.0|0.0|0.0|0.0|0.0|0.147236376352423|0.0|0.0|0.0|0.0|food/367/1.jpg|food/367/2.jpg|food/367/3.jpg
매작과|한과류|30.0|123.861035764186|3.77757574918708|2.25377032617188|3.9461765872472|19.8325912935685|4.92697269420879|0.82503374728148|10.0434779469138|0.202012936590165|7.12|22.9858790851493|32.0011930022794|29.8321075626655|0.16|0.03|0.0|0.0|0.0208428713684334|0.0034689046659142|0.0|0.0|0.0|0.0|113.58|10.0254216279123|0.0|0.0|0.703808880909332|0.0|0.0|0.0304220486126973|0.0|food/338/1.jpg|food/338/2.jpg|food/338/3.jpg
다식|한과류|30.0|110.82654228225|3.56900804421994|2.48914975730241|1.34451671706137|22.192323199872|7.99640412306078|2.62956615776081|41.6015048503441|1.04296096181173|20.28|47.4348489714559|109.39164311991|4.04367769486828|0.37|0.08|0.0|0.0|0.0612696544619529|0.0223452710277265|0.0|0.0|0.0|0.0|116.45|0.0|0.0|0.0|0.268379887572816|0.0|0.0|0.001660963956975|0.0|food/339/1.jpg|food/339/2.jpg|food/339/3.jpg
약과|한과류|30.0|119.731083609929|1.75601633432962|1.25874493365554|1.42549208155741|25.4666687853226|5.06590327350936|1.60169284224004|3.73990591123744|0.21928242871744|7.35|19.9619335750792|21.843166947289|17.1904874141876|0.16|0.02|0.0|0.0|0.0380243607040614|0.0028838661892146|0.0|0.0|0.0|0.0|57.82|0.0|0.0|0.0|0.365363197591363|0.0|0.0|0.0128985887770436|0.0|food/340/1.jpg|food/340/2.jpg|food/340/3.jpg
유과|한과류|30.0|127.091020216986|2.9241829887644|0.841974000792393|3.84959146478448|22.269200257689|7.24417211216133|0.340710664980969|17.4635570003024|0.144017634022638|7.19|18.6732577865135|10.4209709791158|6.84260538252192|0.14|0.03|0.0|0.0|0.0|0.0055733787986164|0.0|0.0|0.0|0.0|38.89|0.0|0.0|0.0|0.412347926799838|0.0|0.0|0.0117751309624861|0.0|food/341/1.jpg|food/341/2.jpg|food/341/3.jpg
산자|한과류|30.0|109.711257150232|3.65654465070224|0.692671275|0.92597671894758|24.651695394926|9.40425078829983|0.140602885202151|1.71832304038005|0.116480760095012|2.1|8.83569239904988|12.2660956057007|6.85988242280285|0.1|0.01|0.0|0.0|0.0|0.0|0.0|0.0301676441647218|0.0|0.0|31.97|0.0|0.0|0.0|0.0283203825293237|0.0|0.0|0.0|0.0|food/342/1.jpg|food/342/2.jpg|food/342/3.jpg
깨강정|한과류|200.0|1017.0|0.0|0.0|0.0|0.0|39.0|0.0|0.0|0.0|0.0|0.0|0.0|4.0|0.0|0.0|0.0|0.0|0.0|0.0|0.0|0.0|0.0|0.0|0.0|0.0|0.0|0.0|0.0|0.0|0.0|0.0|0.0|food/397/1.jpg|food/397/2.jpg|food/397/3.jpg
매작과|한과류|30.0|123.861035764186|3.77757574918708|2.25377032617188|3.9461765872472|19.8325912935685|4.92697269420879|0.82503374728148|10.0434779469138|0.202012936590165|7.12|22.9858790851493|32.0011930022794|29.8321075626655|0.16|0.03|0.0|0.0|0.0208428713684334|0.0034689046659142|0.0|0.0|0.0|0.0|113.58|10.0254216279123|0.0|0.0|0.703808880909332|0.0|0.0|0.0304220486126973|0.0|food/338/1.jpg|food/338/2.jpg|food/338/3.jpg
